36
59
70
93
98
99
100
113
128
130
133
135
148
168
173
195
220
224
241
254
261
267
273
327
342
356
382
400
409
428
432
433
456
489
493
555
579
603
605
621
639
657
700
704
715
768
779
793
794
796
823
833
842
873
894
907
908
917
959
968
971
1029
1073
1074
1083
1103
1103
1110
1110
1122
1132
1147
1153
1166
1168
1200
1225
1240
1246
1263
1289
1291
1296
1296
1311
1329
1386
1394
1424
1425
1427
1430
1447
1473
1496
1501
1531
1537
1575
1577
1582
1586
1606
1629
1660
1672
1679
1680
1682
1690
1715
1715
1716
1728
1747
1772
1830
1850
1852
1914
1915
1918
1919
1928
1931
1946
1958
1979
2011
2017
2035
2106
2111
2124
2144
2168
2214
2255
2275
2276
2288
2320
2356
2366
2378
2378
2388
2400
2433
2434
2443
2452
2458
2467
2501
2517
2531
2545
2587
2597
2636
2645
2655
2665
2669
2688
2693
2700
2724
2790
2793
2843
2847
2849
2849
2854
2863
2908
2927
2930
2933
2960
2961
2967
2970
2979
3005
3024
3025
3032
3050
3060
3062
3069
3077
3088
3107
3134
3141
3152
3174
3178
3184
3208
3221
3227
3244
3251
3275
3285
3292
3293
3322
3334
3396
3407
3415
3456
3511
3530
3533
3538
3542
3549
3550
3653
3669
3679
3701
3733
3742
3777
3792
3818
3821
3825
3835
3838
3855
3856
3872
3913
3921
3935
3946
3963
4006
4025
4053
4072
4085
4095
4104
4128
4183
4194
4196
4237
4285
4290
4294
4362
4364
4373
4375
4383
4390
4405
4540
4544
4546
4571
4585
4588
4598
4624
4628
4642
4666
4673
4673
4692
4708
4741
4745
4775
4778
4780
4786
4815
4816
4839
4844
4851
4867
4870
4872
4902
4913
4914
4915
4921
4926
4936
4954
4956
4988
4999
5029
5034
5049
5060
5062
5075
5075
5076
5076
5106
5117
5138
5150
5159
5166
5182
5192
5194
5220
5240
5251
5252
5254
5296
5297
5304
5349
5358
5361
5364
5380
5387
5394
5399
5406
5413
5419
5432
5440
5501
5511
5529
5573
5598
5607
5608
5662
5667
5675
5693
5697
5719
5724
5741
5749
5751
5772
5775
5803
5810
5838
5844
5853
5863
5879
5888
5900
5910
5921
5924
5933
5941
5971
5972
5984
5987
5997
6005
6025
6046
6049
6053
6088
6121
6134
6137
6159
6174
6183
6186
6189
6232
6240
6263
6292
6322
6369
6374
6376
6400
6421
6488
6503
6504
6505
6512
6517
6545
6558
6564
6572
6590
6593
6603
6603
6658
6674
6676
6688
6696
6727
6737
6744
6756
6777
6782
6798
6809
6811
6822
6859
6871
6895
6899
6914
6924
6927
6941
6942
6950
6971
6978
6980
7022
7024
7027
7053
7064
7076
7107
7138
7142
7149
7153
7157
7164
7175
7186
7208
7211
7245
7345
7380
7386
7404
7433
7437
7449
7470
7480
7485
7519
7551
7571
7571
7572
7592
7626
7653
7684
7688
7714
7764
7768
7827
7842
7847
7902
7910
7925
7941
7944
7951
7955
7964
7973
7975
7985
8049
8051
8055
8069
8087
8125
8142
8170
8176
8182
8182
8195
8203
8235
8243
8248
8254
8259
8265
8268
8283
8285
8287
8317
8318
8343
8349
8360
8378
8395
8395
8440
8455
8477
8494
8522
8546
8585
8635
8655
8683
8749
8755
8766
8797
8811
8822
8870
8871
8878
8916
8922
8930
8942
8946
8951
8955
8963
9002
9040
9059
9086
9090
9091
9091
9123
9138
9139
9147
9150
9154
9168
9171
9177
9180
9197
9200
9203
9211
9217
9282
9291
9294
9297
9299
9331
9350
9364
9398
9401
9408
9419
9420
9465
9470
9476
9503
9538
9543
9564
9565
9574
9574
9582
9601
9614
9625
9627
9637
9648
9668
9668
9676
9742
9758
9761
9776
9787
9789
9812
9820
9835
9838
9839
9846
9888
9891
9907
9913
9918
9935
9968
9974
10009
10010
10021
10031
10032
10067
10080
10101
10113
10124
10137
10141
10147
10168
10168
10170
10172
10177
10177
10211
10250
10254
10266
10281
10306
10317
10341
10363
10371
10397
10404
10408
10446
10450
10462
10477
10485
10502
10520
10549
10575
10600
10620
10622
10624
10630
10645
10671
10702
10728
10734
10739
10752
10753
10758
10759
10819
10861
10885
10911
10926
10936
10938
10970
11002
11024
11058
11058
11059
11085
11094
11096
11109
11111
11113
11114
11118
11120
11145
11153
11163
11190
11196
11203
11215
11218
11219
11251
11263
11268
11273
11275
11278
11299
11300
11321
11331
11338
11346
11349
11351
11351
11411
11469
11483
11504
11510
11510
11529
11532
11543
11557
11559
11585
11640
11664
11692
11740
11773
11791
11819
11862
11863
11877
11894
11922
11939
11960
11976
12016
12021
12025
12036
12044
12069
12080
12088
12091
12102
12111
12134
12147
12148
12156
12165
12172
12190
12199
12201
12224
12225
12232
12234
12291
12302
12309
12326
12334
12414
12448
12448
12490
12524
12524
12532
12540
12548
12563
12565
12568
12570
12630
12646
12658
12659
12662
12673
12687
12697
12697
12699
12707
12710
12712
12721
12745
12761
12762
12781
12785
12797
12811
12823
12878
12883
12897
12899
12901
12930
12995
13007
13011
13013
13023
13035
13038
13051
13060
13060
13066
13081
13088
13094
13110
13138
13156
13160
13175
13177
13191
13210
13230
13230
13234
13257
13282
13292
13296
13315
13317
13324
13336
13347
13349
13354
13361
13373
13407
13435
13478
13484
13494
13494
13517
13528
13529
13560
13564
13570
13581
13614
13619
13648
13651
13671
13675
13696
13762
13765
13782
13787
13813
13822
13830
13834
13908
13913
13924
13960
13980
13986
14003
14008
14016
14044
14061
14061
14074
14094
14118
14120
14128
14142
14168
14198
14227
14250
14266
14266
14316
14347
14361
14364
14391
14434
14435
14456
14480
14508
14524
14544
14566
14571
14588
14607
14639
14639
14664
14669
14679
14719
14747
14770
14780
14790
14799
14811
14828
14838
14867
14882
14907
14919
14929
14934
14935
14941
14942
14949
15009
15023
15031
15034
15046
15071
15077
15110
15145
15163
15188
15203
15217
15258
15260
15261
15268
15274
15293
15362
15371
15399
15409
15413
15435
15452
15489
15499
15505
15514
15522
15568
15573
15573
15574
15580
15580
15584
15596
15599
15631
15640
15641
15653
15661
15683
15740
15746
15770
15834
15850
15883
15908
15913
15922
15939
15965
15992
15999
16001
16002
16032
16041
16049
16056
16057
16062
16065
16111
16160
16164
16176
16181
16184
16213
16241
16250
16252
16291
16342
16348
16350
16368
16373
16391
16398
16405
16411
16414
16425
16443
16453
16456
16481
16495
16508
16515
16535
16552
16557
16559
16576
16576
16583
16592
16614
16623
16638
16659
16664
16673
16677
16683
16703
16708
16723
16748
16798
16802
16814
16821
16828
16833
16843
16855
16895
16924
16947
16964
16981
16999
17043
17068
17069
17113
17132
17137
17149
17167
17238
17243
17260
17267
17270
17274
17275
17299
17324
17329
17329
17330
17349
17363
17386
17388
17433
17459
17464
17465
17504
17511
17512
17514
17522
17570
17572
17584
17604
17622
17623
17623
17634
17673
17682
17695
17697
17703
17719
17724
17724
17775
17813
17824
17846
17852
17857
17898
17924
17927
17936
17944
17951
17963
17992
17993
17995
18006
18011
18017
18026
18079
18088
18092
18100
18104
18107
18112
18113
18122
18128
18154
18169
18225
18239
18246
18253
18269
18328
18335
18338
18353
18357
18384
18398
18411
18418
18419
18429
18442
18493
18498
18504
18551
18561
18564
18574
18574
18579
18582
18601
18648
18659
18665
18676
18677
18708
18728
18738
18741
18744
18757
18760
18778
18793
18816
18833
18839
18845
18846
18849
18858
18915
18919
18923
18950
18954
18956
19039
19073
19093
19171
19174
19180
19184
19186
19190
19218
19226
19237
19241
19257
19262
19265
19286
19347
19363
19370
19372
19374
19374
19375
19379
19385
19391
19414
19418
19455
19473
19481
19521
19537
19539
19540
19554
19560
19573
19590
19608
19615
19625
19637
19665
19669
19692
19698
19715
19725
19726
19726
19755
19758
19776
19776
19803
19825
19897
19898
19902
19917
19920
19926
19947
19953
19965
19966
19984
19992
19998
20017
20032
20042
20084
20090
20100
20112
20113
20121
20133
20138
20144
20160
20166
20167
20175
20202
20222
20250
20264
20335
20335
20341
20353
20372
20374
20380
20391
20419
20434
20443
20479
20498
20501
20502
20557
20574
20579
20587
20593
20614
20637
20646
20664
20668
20673
20721
20723
20746
20749
20751
20751
20765
20792
20795
20797
20828
20903
20905
20923
20934
20969
20973
21013
21039
21063
21116
21119
21134
21154
21173
21199
21238
21246
21263
21331
21349
21358
21359
21389
21396
21403
21412
21433
21444
21446
21469
21478
21524
21548
21562
21569
21583
21595
21610
21610
21638
21695
21710
21721
21734
21743
21772
21781
21793
21817
21835
21850
21930
21949
21950
21957
21959
21983
22010
22032
22044
22073
22073
22092
22104
22113
22180
22196
22206
22222
22236
22243
22246
22260
22289
22306
22316
22326
22347
22367
22392
22393
22407
22420
22438
22441
22445
22463
22525
22541
22543
22567
22578
22601
22630
22642
22660
22667
22683
22703
22712
22720
22724
22743
22749
22768
22780
22801
22813
22819
22839
22842
22849
22939
22942
22943
23011
23018
23053
23064
23065
23090
23104
23149
23151
23159
23174
23178
23184
23211
23232
23242
23243
23247
23262
23273
23296
23305
23308
23314
23341
23345
23365
23384
23404
23419
23436
23518
23523
23527
23528
23555
23559
23562
23586
23589
23590
23606
23621
23665
23668
23674
23687
23693
23709
23719
23719
23752
23755
23757
23771
23799
23807
23811
23832
23832
23847
23849
23856
23872
23886
23899
23906
23930
23941
23968
23980
23992
24011
24041
24054
24054
24063
24074
24095
24097
24107
24118
24136
24139
24150
24158
24161
24180
24181
24202
24216
24250
24267
24275
24340
24340
24341
24376
24415
24429
24468
24481
24488
24488
24515
24530
24548
24558
24573
24573
24599
24619
24620
24626
24642
24649
24664
24664
24674
24679
24689
24724
24730
24733
24743
24753
24763
24776
24810
24813
24830
24834
24848
24878
24880
24896
24932
24959
24968
24974
24974
24974
24979
24996
25044
25060
25061
25080
25081
25091
25106
25129
25152
25158
25159
25177
25180
25181
25199
25212
25215
25220
25251
25270
25275
25281
25292
25301
25315
25319
25358
25365
25406
25412
25420
25454
25456
25474
25490
25529
25531
25541
25566
25605
25632
25650
25664
25680
25697
25699
25700
25727
25742
25756
25760
25770
25781
25783
25826
25834
25846
25870
25878
25893
25899
25902
25923
25936
25973
25974
25990
26010
26013
26023
26033
26045
26060
26061
26070
26112
26115
26116
26133
26172
26176
26221
26224
26246
26251
26268
26272
26291
26323
26340
26383
26389
26390
26398
26451
26454
26463
26476
26491
26491
26515
26543
26624
26626
26639
26654
26677
26698
26712
26717
26718
26735
26760
26772
26778
26785
26790
26790
26852
26859
26862
26908
26922
26985
26991
27011
27017
27038
27042
27043
27051
27074
27081
27095
27103
27121
27145
27158
27208
27334
27341
27345
27352
27353
27362
27375
27380
27395
27402
27403
27408
27418
27465
27487
27495
27501
27504
27517
27520
27535
27552
27577
27581
27585
27609
27621
27635
27646
27693
27708
27748
27752
27783
27818
27830
27830
27840
27843
27846
27856
27889
27904
27935
27935
27936
27940
27941
27959
28015
28018
28023
28033
28060
28077
28112
28145
28156
28158
28183
28207
28248
28262
28266
28270
28322
28362
28401
28406
28433
28435
28464
28467
28513
28516
28522
28523
28529
28533
28541
28562
28632
28639
28665
28667
28683
28724
28749
28799
28812
28812
28897
28900
28912
28955
28971
28990
28993
28999
29011
29025
29055
29079
29101
29138
29141
29160
29163
29166
29180
29183
29188
29192
29273
29284
29291
29305
29328
29341
29345
29348
29360
29367
29411
29414
29432
29434
29452
29477
29502
29515
29517
29521
29540
29540
29544
29553
29570
29579
29602
29605
29621
29629
29638
29641
29657
29661
29661
29664
29668
29679
29709
29712
29717
29738
29760
29790
29816
29835
29841
29891
29920
29924
29936
29943
29964
29987
29998
30019
30043
30043
30059
30071
30078
30081
30118
30126
30129
30135
30159
30162
30193
30198
30203
30263
30275
30289
30292
30295
30305
30310
30324
30326
30338
30346
30381
30398
30398
30429
30443
30459
30461
30462
30472
30475
30484
30510
30524
30531
30554
30559
30566
30594
30607
30672
30742
30748
30762
30767
30783
30792
30843
30857
30895
30901
30908
30914
30915
30919
30926
30926
30943
30998
31001
31020
31023
31032
31045
31079
31109
31116
31117
31130
31141
31179
31182
31236
31236
31241
31260
31284
31310
31337
31343
31376
31393
31418
31449
31451
31477
31513
31516
31531
31540
31560
31568
31572
31582
31619
31621
31640
31648
31654
31666
31676
31679
31686
31702
31707
31726
31738
31751
31756
31770
31779
31788
31795
31799
31800
31864
31868
31869
31889
31903
31909
31942
31961
31968
31969
31989
32003
32003
32007
32009
32036
32116
32121
32130
32136
32139
32172
32197
32199
32223
32236
32237
32287
32290
32292
32307
32317
32332
32338
32365
32379
32405
32424
32495
32530
32530
32532
32541
32542
32554
32581
32584
32639
32675
32760
32785
32793
32804
32846
32853
32863
32901
32916
32922
32923
32930
32947
32969
32976
33005
33149
33155
33163
33165
33187
33222
33228
33247
33262
33297
33354
33372
33377
33394
33426
33426
33433
33453
33461
33488
33492
33501
33515
33543
33546
33547
33572
33603
33626
33645
33647
33669
33673
33697
33706
33722
33767
33788
33802
33804
33809
33825
33844
33845
33847
33855
33856
33880
33889
33894
33900
33913
33939
33948
33953
33954
33958
33963
33996
34020
34045
34057
34057
34106
34194
34204
34208
34233
34283
34299
34318
34319
34339
34342
34343
34345
34353
34372
34375
34399
34407
34411
34414
34458
34494
34525
34526
34563
34564
34566
34585
34601
34607
34621
34640
34645
34655
34656
34717
34752
34760
34782
34783
34783
34791
34802
34802
34825
34837
34868
34936
34995
35009
35015
35033
35042
35094
35100
35121
35144
35156
35158
35168
35185
35192
35223
35280
35286
35305
35305
35313
35323
35324
35329
35331
35352
35407
35416
35417
35431
35431
35470
35473
35512
35513
35566
35603
35628
35657
35669
35671
35704
35747
35753
35780
35831
35846
35846
35865
35888
35935
35947
36015
36022
36078
36081
36142
36157
36167
36192
36201
36242
36246
36257
36259
36302
36304
36312
36325
36329
36329
36338
36348
36358
36363
36371
36412
36421
36441
36457
36458
36466
36492
36497
36512
36521
36531
36575
36579
36618
36661
36670
36687
36705
36740
36753
36768
36789
36789
36846
36888
36900
36910
36922
36935
36936
36941
36968
36978
36985
36989
36989
36993
37043
37082
37088
37094
37101
37106
37119
37150
37152
37164
37195
37210
37230
37230
37257
37266
37283
37306
37334
37348
37400
37402
37403
37404
37410
37410
37431
37436
37443
37454
37455
37464
37506
37523
37530
37562
37562
37567
37570
37586
37593
37605
37610
37686
37695
37711
37772
37774
37782
37789
37830
37834
37845
37882
37902
37914
37933
37947
37950
37956
37964
37966
37971
37989
38009
38014
38021
38081
38091
38097
38120
38123
38126
38139
38153
38192
38227
38228
38238
38284
38286
38299
38309
38312
38323
38333
38353
38425
38442
38442
38458
38460
38474
38477
38494
38498
38501
38526
38529
38561
38569
38600
38618
38638
38695
38750
38754
38764
38792
38814
38818
38827
38890
38903
38907
38922
38944
38951
38959
38974
38978
39008
39030
39034
39042
39054
39056
39074
39088
39148
39153
39178
39207
39214
39236
39252
39255
39262
39281
39282
39283
39295
39305
39306
39318
39348
39355
39372
39412
39412
39425
39446
39448
39455
39457
39494
39537
39555
39586
39610
39614
39658
39670
39677
39683
39694
39729
39730
39735
39751
39753
39773
39785
39793
39811
39833
39910
39910
39914
39942
39950
39966
39972
40018
40048
40092
40092
40111
40151
40162
40173
40181
40192
40193
40206
40216
40226
40233
40257
40316
40361
40366
40394
40394
40396
40426
40430
40443
40445
40453
40468
40532
40590
40621
40645
40691
40694
40704
40721
40729
40735
40742
40746
40747
40755
40758
40769
40812
40828
40841
40849
40867
40868
40882
40907
40984
40992
40997
41014
41037
41112
41132
41141
41180
41228
41233
41235
41241
41249
41297
41316
41333
41335
41335
41338
41341
41347
41352
41371
41392
41399
41400
41414
41429
41432
41434
41438
41438
41439
41447
41455
41459
41488
41541
41555
41568
41586
41595
41636
41662
41674
41683
41687
41694
41727
41742
41754
41758
41856
41863
41869
41918
41937
41944
41949
41984
41985
41994
42010
42011
42014
42028
42032
42048
42058
42074
42086
42095
42102
42116
42120
42138
42162
42170
42175
42195
42197
42216
42225
42233
42249
42250
42259
42266
42273
42280
42286
42297
42316
42322
42381
42387
42397
42434
42452
42459
42468
42475
42486
42496
42497
42538
42539
42553
42578
42609
42643
42649
42662
42679
42712
42717
42725
42738
42756
42763
42777
42785
42802
42811
42826
42854
42902
42940
42944
42959
42968
42982
43008
43014
43031
43034
43040
43055
43087
43096
43104
43139
43154
43168
43175
43199
43203
43210
43227
43234
43235
43235
43250
43258
43282
43294
43369
43402
43405
43405
43428
43449
43459
43478
43537
43546
43550
43564
43579
43588
43589
43594
43601
43630
43690
43708
43774
43791
43797
43818
43821
43834
43845
43909
43922
43928
43933
43992
43996
44004
44024
44036
44038
44040
44043
44044
44045
44047
44050
44066
44083
44084
44098
44109
44113
44153
44155
44161
44172
44173
44189
44222
44229
44254
44283
44322
44375
44400
44412
44443
44448
44460
44473
44476
44508
44533
44558
44564
44568
44570
44576
44577
44617
44619
44624
44628
44638
44659
44668
44686
44697
44755
44756
44759
44763
44779
44815
44815
44827
44832
44836
44836
44857
44875
44891
44902
44987
45030
45049
45054
45073
45078
45082
45134
45148
45158
45161
45176
45191
45193
45200
45204
45240
45248
45255
45256
45276
45280
45295
45341
45342
45352
45353
45362
45380
45382
45389
45414
45416
45450
45465
45475
45481
45489
45519
45521
45535
45614
45639
45643
45645
45658
45664
45672
45688
45696
45703
45710
45759
45763
45777
45782
45813
45819
45819
45845
45865
45951
45977
46018
46051
46063
46065
46067
46084
46093
46108
46135
46137
46143
46149
46155
46178
46187
46204
46211
46211
46234
46237
46257
46267
46277
46330
46330
46338
46366
46368
46390
46396
46410
46425
46508
46542
46547
46561
46572
46581
46631
46659
46660
46691
46706
46723
46749
46757
46760
46763
46772
46772
46829
46857
46857
46861
46866
46881
46886
46891
46908
46918
46920
46937
46949
46973
46974
46978
46979
47030
47036
47037
47053
47072
47093
47110
47153
47159
47161
47178
47188
47196
47196
47197
47199
47210
47232
47283
47311
47314
47318
47340
47349
47353
47370
47378
47410
47415
47420
47437
47462
47467
47499
47511
47536
47545
47583
47584
47594
47601
47614
47620
47652
47653
47654
47654
47657
47668
47678
47710
47722
47752
47765
47789
47797
47887
47902
47941
47951
47956
47970
47984
48007
48007
48027
48028
48067
48073
48083
48088
48098
48121
48139
48163
48172
48181
48184
48188
48199
48213
48214
48217
48248
48259
48270
48308
48371
48385
48387
48402
48405
48406
48415
48491
48504
48519
48533
48541
48542
48554
48563
48588
48635
48637
48651
48652
48664
48667
48683
48690
48742
48750
48755
48772
48783
48783
48809
48818
48830
48830
48887
48893
48900
48905
48912
48943
48956
48965
48966
48984
48997
49019
49044
49082
49096
49102
49102
49103
49110
49141
49153
49184
49234
49240
49263
49272
49348
49351
49367
49397
49462
49470
49470
49477
49496
49522
49588
49591
49665
49668
49705
49720
49735
49777
49782
49794
49819
49849
49852
49886
49888
49897
49930
49932
49942
49954
49962
49971
49985
50024
50028
50049
50099
50104
50119
50120
50137
50167
50198
50212
50232
50244
50273
50307
50338
50343
50346
50349
50355
50410
50415
50428
50436
50464
50496
50508
50513
50529
50544
50550
50555
50559
50581
50600
50612
50618
50622
50632
50668
50691
50710
50779
50782
50802
50806
50823
50824
50829
50850
50853
50890
50908
50920
50946
50962
50964
50982
50996
50997
50999
51023
51038
51066
51088
51108
51131
51140
51168
51221
51268
51270
51300
51330
51341
51362
51366
51391
51402
51403
51413
51453
51455
51477
51486
51491
51494
51518
51529
51545
51549
51584
51592
51622
51627
51631
51644
51665
51697
51701
51725
51725
51733
51745
51759
51764
51765
51863
51864
51870
51885
51895
51947
52007
52007
52025
52080
52121
52141
52148
52156
52177
52196
52229
52246
52264
52267
52276
52285
52285
52290
52304
52312
52317
52320
52334
52348
52350
52392
52392
52409
52429
52459
52480
52487
52494
52495
52512
52521
52540
52553
52570
52571
52600
52629
52655
52793
52809
52828
52842
52845
52847
52849
52855
52856
52858
52897
52912
52917
52940
52959
52987
53012
53013
53019
53024
53036
53070
53078
53087
53092
53108
53122
53124
53148
53237
53254
53254
53267
53304
53312
53321
53326
53341
53367
53370
53375
53390
53398
53405
53435
53447
53449
53463
53509
53512
53523
53530
53543
53547
53558
53580
53606
53611
53642
53668
53727
53735
53755
53765
53808
53812
53814
53826
53827
53842
53847
53912
53964
53991
54055
54079
54103
54115
54115
54144
54156
54171
54173
54191
54201
54255
54261
54297
54310
54312
54318
54338
54340
54340
54341
54344
54354
54358
54359
54364
54375
54376
54389
54417
54426
54440
54448
54463
54510
54527
54536
54545
54566
54571
54583
54620
54626
54627
54631
54650
54654
54659
54662
54666
54707
54727
54749
54763
54774
54791
54798
54799
54810
54827
54847
54877
54911
54917
54924
54928
54933
54971
54972
54991
54997
55011
55017
55020
55045
55060
55077
55080
55082
55094
55108
55115
55143
55165
55181
55186
55211
55233
55245
55248
55275
55280
55300
55321
55336
55348
55359
55371
55401
55409
55414
55427
55430
55436
55438
55448
55467
55502
55511
55512
55518
55522
55528
55537
55552
55552
55557
55631
55631
55636
55644
55647
55660
55672
55732
55739
55781
55782
55818
55835
55836
55837
55853
55856
55862
55863
55906
55914
55928
55992
56000
56019
56023
56078
56081
56091
56122
56125
56137
56142
56147
56155
56155
56156
56168
56204
56256
56260
56276
56293
56306
56309
56328
56328
56344
56359
56363
56370
56391
56391
56421
56435
56437
56450
56462
56481
56481
56499
56521
56523
56543
56550
56579
56585
56586
56594
56606
56613
56629
56631
56650
56662
56668
56672
56694
56709
56710
56718
56719
56721
56739
56749
56763
56772
56824
56831
56852
56882
56896
56911
56914
56929
56958
56970
56972
56984
56997
56998
57060
57064
57092
57095
57096
57104
57111
57141
57169
57203
57207
57210
57218
57220
57226
57232
57245
57264
57332
57336
57391
57394
57394
57411
57435
57439
57461
57474
57539
57539
57565
57583
57592
57592
57604
57644
57685
57693
57712
57726
57743
57756
57791
57848
57872
57876
57888
57916
57948
57958
57972
57972
58062
58075
58078
58135
58139
58151
58156
58179
58187
58201
58201
58207
58217
58227
58256
58264
58272
58280
58301
58303
58308
58325
58328
58352
58369
58370
58430
58443
58457
58486
58515
58553
58580
58593
58707
58721
58738
58782
58802
58838
58869
58882
58915
58974
58996
59008
59019
59041
59043
59052
59055
59061
59062
59098
59115
59120
59124
59147
59168
59189
59200
59204
59221
59233
59249
59252
59278
59279
59283
59295
59302
59341
59398
59437
59438
59452
59495
59500
59508
59531
59543
59544
59569
59586
59591
59593
59609
59616
59637
59640
59641
59672
59694
59695
59716
59728
59746
59767
59773
59775
59779
59782
59804
59804
59833
59838
59866
59874
59890
59894
59912
59936
59943
59944
59952
59972
59995
59999
60009
60010
60019
60024
60031
60041
60044
60056
60111
60150
60159
60159
60181
60192
60210
60232
60244
60272
60275
60288
60289
60312
60313
60333
60365
60366
60377
60385
60411
60423
60429
60452
60481
60493
60506
60506
60552
60559
60567
60570
60570
60583
60607
60609
60652
60661
60673
60678
60690
60727
60733
60735
60740
60754
60758
60763
60778
60784
60787
60805
60830
60836
60870
60915
60934
60990
60995
60996
61007
61024
61040
61055
61061
61077
61079
61111
61165
61179
61198
61228
61256
61268
61280
61331
61344
61358
61373
61389
61391
61406
61407
61408
61418
61428
61444
61449
61459
61484
61489
61525
61539
61543
61559
61564
61570
61588
61591
61596
61602
61605
61612
61629
61635
61637
61647
61704
61711
61716
61726
61727
61737
61756
61760
61765
61819
61829
61835
61841
61845
61883
61908
61923
61935
61967
61971
61986
61991
62025
62028
62041
62053
62063
62075
62082
62115
62149
62184
62187
62200
62228
62258
62263
62264
62265
62279
62285
62288
62299
62318
62358
62371
62373
62384
62419
62421
62432
62455
62494
62503
62514
62526
62539
62549
62556
62557
62596
62613
62620
62626
62633
62645
62651
62666
62666
62692
62698
62718
62727
62757
62761
62763
62768
62771
62813
62822
62825
62862
62863
62881
62896
62927
62931
62935
62943
62987
63004
63005
63035
63048
63064
63070
63079
63080
63141
63145
63181
63188
63194
63224
63229
63236
63252
63275
63303
63316
63331
63337
63370
63377
63398
63406
63436
63437
63437
63441
63462
63489
63499
63499
63531
63616
63631
63644
63674
63702
63728
63743
63759
63761
63772
63772
63807
63814
63832
63842
63856
63885
63895
63926
63954
63964
63990
64004
64022
64024
64046
64056
64064
64071
64087
64090
64100
64166
64185
64194
64206
64225
64241
64278
64280
64293
64294
64306
64316
64317
64388
64411
64412
64437
64501
64523
64534
64546
64550
64560
64573
64578
64606
64623
64639
64654
64656
64730
64740
64759
64785
64806
64849
64851
64852
64860
64861
64868
64879
64896
64912
64916
64937
64959
65025
65030
65062
65079
65087
65093
65112
65112
65144
65151
65154
65191
65196
65200
65222
65250
65252
65262
65278
65302
65309
65360
65366
65369
65378
65385
65395
65439
65463
65471
65490
65499
65501
65533
65547
65567
65593
65599
65613
65619
65627
65631
65634
65677
65677
65680
65694
65720
65747
65752
65759
65764
65764
65793
65810
65834
65835
65844
65885
65911
65947
65949
65967
65967
65968
65983
65990
65995
65998
66039
66041
66045
66056
66165
66171
66190
66247
66255
66281
66326
66337
66351
66351
66389
66405
66407
66454
66460
66472
66477
66480
66488
66499
66523
66551
66553
66562
66580
66627
66635
66640
66641
66648
66656
66683
66703
66723
66723
66741
66758
66760
66784
66813
66820
66835
66839
66855
66866
66919
66942
66970
66983
66987
66992
67020
67034
67043
67048
67077
67079
67079
67099
67128
67131
67137
67188
67188
67189
67195
67246
67246
67269
67275
67277
67284
67316
67348
67363
67390
67401
67404
67411
67450
67463
67471
67481
67491
67491
67508
67531
67560
67595
67609
67634
67638
67667
67693
67705
67709
67717
67737
67756
67764
67778
67810
67838
67838
67879
67886
67916
67918
67935
67943
67957
67962
67970
67974
68000
68014
68017
68063
68067
68077
68080
68081
68083
68084
68121
68123
68128
68130
68163
68164
68238
68239
68266
68276
68288
68320
68338
68339
68369
68369
68372
68381
68383
68392
68441
68464
68471
68475
68491
68520
68530
68547
68610
68629
68634
68689
68702
68720
68742
68748
68777
68812
68824
68832
68843
68857
68915
68931
68950
68972
68978
68979
68994
69019
69022
69033
69114
69133
69146
69150
69196
69227
69230
69249
69262
69278
69287
69302
69326
69345
69353
69356
69371
69373
69383
69383
69413
69431
69455
69463
69467
69468
69472
69478
69489
69509
69511
69574
69604
69609
69611
69611
69613
69632
69649
69707
69707
69758
69758
69765
69792
69872
69880
69892
69892
69900
69906
69911
69913
69999
70025
70041
70044
70081
70095
70113
70145
70163
70171
70182
70182
70200
70215
70216
70224
70233
70236
70247
70255
70282
70301
70303
70303
70304
70305
70334
70357
70378
70398
70405
70410
70427
70443
70463
70472
70503
70513
70520
70553
70556
70561
70589
70591
70614
70622
70641
70643
70648
70654
70662
70675
70689
70696
70705
70733
70746
70767
70784
70788
70797
70843
70869
70874
70892
70923
70932
70968
70999
71018
71018
71020
71028
71031
71044
71047
71079
71080
71083
71099
71117
71133
71151
71161
71196
71206
71269
71276
71277
71292
71292
71333
71369
71370
71413
71417
71431
71444
71461
71477
71480
71488
71499
71539
71541
71581
71602
71624
71647
71671
71686
71697
71715
71725
71740
71740
71748
71755
71772
71789
71839
71847
71858
71863
71874
71886
71905
71921
71938
71950
71962
71967
71972
71979
71993
72070
72071
72077
72077
72089
72134
72135
72142
72146
72156
72176
72193
72197
72231
72252
72257
72265
72278
72304
72310
72353
72360
72372
72390
72393
72401
72437
72441
72490
72502
72506
72510
72530
72552
72557
72559
72580
72581
72598
72609
72612
72613
72624
72632
72638
72642
72650
72654
72663
72664
72681
72704
72733
72745
72759
72760
72760
72775
72780
72780
72798
72824
72835
72860
72864
72894
72905
72953
72962
72966
72967
72976
73012
73045
73056
73072
73089
73096
73111
73117
73122
73155
73165
73178
73178
73180
73183
73201
73202
73204
73205
73206
73208
73233
73245
73261
73276
73307
73315
73380
73383
73396
73420
73438
73472
73475
73488
73498
73508
73551
73571
73623
73628
73632
73646
73648
73657
73676
73681
73683
73688
73696
73698
73704
73709
73709
73736
73751
73759
73785
73803
73806
73817
73822
73822
73838
73844
73861
73869
73874
73907
73924
73943
73953
73964
73988
73989
73997
74040
74064
74064
74067
74097
74125
74126
74127
74132
74162
74182
74187
74200
74208
74276
74277
74285
74294
74312
74315
74316
74339
74347
74382
74428
74429
74442
74487
74498
74528
74549
74550
74555
74574
74585
74586
74595
74595
74608
74632
74685
74696
74748
74760
74778
74784
74799
74822
74864
74922
74927
74954
74963
74975
74987
75005
75045
75070
75086
75094
75095
75098
75142
75158
75214
75236
75251
75269
75298
75305
75332
75379
75407
75423
75424
75429
75454
75455
75494
75500
75504
75511
75512
75556
75560
75568
75568
75586
75594
75607
75611
75623
75643
75652
75685
75706
75715
75736
75744
75754
75803
75825
75829
75836
75868
75874
75923
75930
75945
75954
75962
75976
75985
75985
75991
75997
76004
76011
76013
76017
76059
76073
76083
76092
76093
76125
76127
76135
76154
76173
76176
76179
76234
76255
76262
76276
76310
76345
76418
76428
76439
76446
76458
76493
76493
76509
76524
76529
76530
76535
76540
76557
76562
76563
76585
76585
76628
76630
76666
76674
76687
76731
76750
76751
76770
76774
76784
76792
76799
76802
76821
76841
76859
76894
76896
77027
77065
77076
77079
77087
77093
77125
77145
77158
77168
77218
77259
77262
77311
77348
77390
77416
77417
77422
77445
77522
77537
77562
77563
77580
77607
77635
77640
77672
77684
77697
77698
77705
77711
77720
77742
77749
77890
77897
77921
77935
77946
77955
77968
77986
77989
78086
78117
78160
78161
78182
78201
78269
78278
78282
78403
78406
78413
78436
78444
78450
78471
78472
78496
78503
78506
78512
78533
78534
78553
78565
78566
78574
78587
78601
78602
78609
78610
78619
78628
78651
78659
78666
78722
78742
78753
78757
78794
78806
78845
78852
78856
78870
78908
78912
78941
78984
79011
79014
79031
79034
79037
79038
79053
79058
79085
79105
79132
79141
79152
79155
79155
79169
79176
79178
79205
79213
79217
79240
79257
79275
79304
79321
79331
79335
79337
79338
79356
79367
79375
79388
79410
79411
79428
79443
79455
79479
79493
79518
79541
79553
79553
79555
79560
79560
79580
79589
79603
79604
79616
79637
79644
79670
79672
79683
79695
79702
79704
79723
79729
79734
79748
79763
79774
79790
79792
79802
79831
79857
79883
79885
79891
79895
79945
79945
80006
80011
80012
80019
80029
80036
80068
80072
80080
80089
80209
80212
80309
80325
80358
80361
80365
80383
80385
80400
80418
80422
80458
80490
80494
80497
80517
80520
80526
80533
80544
80552
80557
80582
80607
80608
80611
80637
80637
80644
80644
80671
80695
80696
80706
80716
80731
80732
80739
80752
80769
80777
80787
80802
80809
80818
80833
80863
80921
80924
80959
80990
81001
81031
81043
81043
81045
81052
81099
81107
81122
81145
81156
81165
81172
81174
81180
81219
81249
81266
81286
81287
81302
81309
81310
81312
81351
81367
81397
81404
81460
81467
81491
81495
81525
81602
81605
81610
81649
81659
81696
81715
81726
81729
81732
81745
81751
81752
81754
81771
81774
81795
81797
81813
81816
81826
81828
81838
81853
81863
81882
81903
81938
81948
81975
81983
81995
82033
82054
82059
82081
82087
82098
82101
82109
82120
82173
82188
82198
82213
82255
82267
82269
82305
82327
82329
82348
82356
82370
82378
82404
82418
82481
82486
82497
82516
82519
82520
82524
82527
82535
82547
82575
82596
82607
82608
82624
82646
82646
82646
82656
82662
82672
82676
82679
82690
82730
82730
82741
82806
82825
82851
82877
82897
82911
82917
82918
82934
82972
82974
82976
82981
82990
82996
83010
83019
83096
83140
83157
83172
83174
83191
83194
83224
83241
83245
83272
83278
83289
83290
83290
83293
83297
83309
83318
83326
83328
83353
83379
83397
83412
83423
83461
83465
83478
83482
83495
83505
83554
83562
83586
83595
83630
83636
83671
83673
83699
83757
83778
83786
83815
83817
83840
83863
83871
83872
83904
83906
83959
83964
83978
83980
83995
84008
84009
84017
84040
84051
84092
84119
84128
84157
84162
84187
84216
84219
84253
84257
84280
84289
84297
84323
84342
84366
84393
84400
84405
84433
84450
84454
84462
84474
84492
84528
84530
84543
84573
84614
84618
84627
84636
84645
84688
84723
84735
84749
84750
84771
84785
84805
84822
84927
84936
84945
84946
84960
84968
85001
85031
85059
85074
85087
85098
85114
85115
85176
85201
85214
85217
85257
85283
85288
85313
85338
85346
85362
85362
85389
85390
85408
85409
85433
85433
85445
85452
85461
85527
85557
85567
85569
85601
85612
85612
85623
85657
85658
85661
85677
85685
85708
85720
85728
85738
85744
85745
85757
85765
85804
85819
85821
85833
85836
85868
85888
85889
85894
85903
85907
85915
85928
85939
85944
85962
85975
85982
85996
86014
86015
86028
86032
86035
86043
86056
86079
86091
86113
86118
86128
86129
86139
86155
86169
86175
86178
86188
86188
86190
86223
86232
86255
86261
86288
86300
86306
86316
86326
86331
86340
86350
86355
86357
86383
86388
86390
86404
86417
86442
86458
86477
86494
86499
86511
86549
86556
86567
86582
86599
86606
86630
86640
86640
86651
86661
86690
86695
86697
86725
86744
86769
86842
86850
86901
86911
86928
86929
86933
86940
86955
86960
86985
86990
87018
87074
87123
87171
87176
87188
87206
87286
87287
87316
87318
87336
87340
87340
87353
87354
87355
87411
87478
87496
87507
87508
87512
87512
87513
87520
87520
87528
87547
87569
87602
87603
87608
87639
87660
87661
87668
87669
87698
87711
87719
87744
87748
87761
87763
87783
87810
87853
87876
87882
87888
87913
87933
87948
87980
88003
88007
88036
88071
88092
88133
88175
88176
88187
88200
88209
88214
88241
88251
88278
88292
88299
88329
88336
88337
88343
88359
88407
88416
88426
88432
88470
88483
88484
88485
88485
88494
88494
88498
88509
88509
88513
88530
88551
88574
88588
88591
88600
88630
88664
88712
88765
88766
88786
88803
88808
88818
88831
88832
88839
88863
88877
88879
88880
88899
88909
88911
88916
88920
88926
88941
88958
88988
89000
89019
89034
89045
89077
89098
89136
89147
89204
89209
89215
89224
89265
89302
89308
89312
89320
89339
89361
89365
89386
89392
89467
89483
89487
89502
89516
89571
89588
89592
89637
89638
89654
89674
89680
89691
89718
89751
89762
89775
89776
89785
89864
89908
89919
89962
89967
89989
89999
90102
90104
90113
90115
90117
90142
90168
90182
90193
90206
90225
90235
90236
90253
90262
90265
90270
90290
90308
90310
90315
90320
90336
90344
90347
90361
90379
90419
90420
90421
90433
90449
90465
90479
90488
90507
90509
90524
90531
90541
90542
90547
90548
90551
90565
90569
90588
90589
90593
90601
90602
90622
90633
90639
90673
90700
90706
90715
90730
90739
90778
90779
90807
90819
90855
90858
90889
90891
90930
90934
90936
90939
90940
90985
90990
90995
91007
91015
91022
91022
91064
91096
91099
91101
91127
91141
91157
91176
91180
91194
91209
91216
91223
91223
91232
91233
91281
91312
91313
91313
91333
91384
91391
91441
91442
91447
91476
91481
91483
91484
91488
91517
91539
91544
91548
91559
91570
91619
91635
91648
91654
91664
91668
91693
91704
91722
91725
91734
91782
91803
91835
91860
91882
91900
91933
91971
91977
91980
91987
91990
92001
92005
92009
92042
92047
92057
92095
92106
92157
92216
92217
92231
92235
92235
92259
92281
92314
92337
92344
92401
92411
92425
92504
92509
92510
92523
92536
92583
92594
92670
92713
92715
92722
92730
92748
92764
92765
92766
92780
92834
92872
92875
92880
92894
92927
92957
92973
92977
92986
93009
93028
93029
93033
93059
93091
93126
93159
93160
93181
93184
93238
93242
93264
93267
93268
93268
93290
93306
93364
93382
93416
93416
93418
93435
93495
93519
93548
93586
93586
93596
93637
93646
93651
93658
93671
93682
93688
93688
93740
93752
93753
93757
93788
93805
93817
93863
93869
93885
93887
93897
93904
93910
93923
93948
93950
93951
93965
93983
93997
94003
94009
94016
94024
94032
94043
94052
94063
94079
94092
94098
94100
94109
94112
94123
94177
94201
94210
94216
94221
94253
94286
94288
94302
94303
94305
94313
94371
94383
94389
94483
94486
94490
94510
94527
94529
94542
94584
94585
94593
94622
94628
94638
94662
94683
94730
94752
94773
94808
94827
94831
94845
94847
94857
94881
94895
94923
94923
94930
94933
94956
94993
95017
95021
95026
95043
95054
95055
95060
95087
95097
95120
95147
95160
95180
95189
95220
95326
95455
95465
95490
95512
95512
95551
95560
95600
95603
95649
95649
95658
95683
95691
95727
95759
95760
95761
95782
95789
95806
95833
95885
95901
95960
95986
95988
95995
96001
96016
96024
96048
96060
96070
96074
96081
96089
96091
96120
96123
96126
96136
96149
96156
96169
96169
96201
96205
96206
96210
96220
96224
96235
96236
96265
96271
96273
96277
96279
96294
96347
96347
96357
96390
96414
96437
96452
96457
96496
96499
96505
96505
96572
96574
96581
96582
96584
96616
96618
96622
96627
96628
96633
96682
96687
96701
96704
96708
96722
96734
96738
96738
96781
96785
96791
96799
96801
96821
96847
96853
96867
96869
96879
96884
96886
96888
96891
96900
96934
96941
96945
96952
96964
96968
96974
97002
97048
97095
97110
97126
97157
97168
97171
97190
97201
97215
97219
97223
97247
97255
97269
97271
97278
97279
97287
97303
97306
97342
97344
97345
97371
97447
97449
97453
97461
97471
97499
97521
97536
97600
97601
97615
97624
97631
97640
97652
97680
97691
97699
97706
97721
97726
97746
97747
97768
97769
97778
97780
97792
97831
97851
97868
97885
97887
97894
97895
97905
97916
97917
97921
97971
97972
97979
97996
98044
98045
98064
98070
98107
98129
98177
98200
98209
98209
98259
98266
98267
98269
98270
98322
98373
98405
98415
98480
98489
98574
98599
98607
98620
98641
98653
98674
98695
98700
98725
98737
98753
98775
98782
98801
98813
98819
98825
98844
98846
98884
98893
98914
98966
98975
98982
98985
99004
99036
99040
99042
99046
99074
99091
99113
99122
99128
99131
99145
99154
99166
99185
99192
99197
99216
99220
99224
99227
99227
99269
99302
99308
99355
99387
99399
99406
99419
99435
99463
99469
99471
99476
99489
99524
99535
99551
99561
99569
99605
99629
99693
99758
99773
99796
99798
99799
99841
99866
99871
99874
99910
99926
99948
