36
60
62
65
68
70
98
121
157
158
196
198
212
236
255
287
289
295
298
326
338
343
365
368
378
388
401
404
410
429
452
455
456
489
489
490
504
555
557
575
590
617
631
648
673
734
746
761
778
785
834
843
859
860
863
872
884
893
910
918
929
963
968
977
991
1000
1004
1007
1030
1033
1034
1044
1050
1074
1119
1154
1179
1184
1243
1287
1289
1318
1321
1321
1327
1364
1372
1399
1404
1405
1432
1436
1441
1442
1461
1469
1471
1474
1496
1516
1540
1559
1561
1583
1590
1593
1608
1612
1621
1626
1685
1719
1786
1795
1805
1832
1840
1847
1869
1889
1924
1930
1944
1954
1963
1971
1985
1989
2001
2001
2003
2005
2024
2026
2031
2039
2081
2094
2106
2122
2150
2166
2168
2201
2207
2214
2245
2256
2275
2291
2293
2305
2310
2314
2321
2328
2367
2424
2433
2440
2461
2497
2502
2506
2552
2559
2560
2562
2578
2605
2607
2612
2619
2640
2650
2656
2665
2673
2677
2689
2703
2708
2750
2753
2762
2784
2820
2850
2850
2853
2858
2894
2924
2999
3052
3058
3077
3084
3087
3112
3120
3125
3139
3161
3167
3190
3195
3217
3227
3231
3233
3286
3325
3354
3359
3360
3361
3397
3400
3430
3458
3477
3492
3493
3500
3508
3556
3578
3581
3620
3621
3628
3631
3641
3646
3656
3691
3705
3718
3740
3751
3772
3775
3802
3828
3860
3900
3911
3925
3943
3954
3956
3962
3970
3977
3990
3994
3999
4028
4039
4042
4088
4117
4119
4136
4166
4170
4184
4194
4198
4199
4208
4218
4232
4246
4252
4266
4272
4297
4349
4395
4447
4452
4466
4469
4476
4493
4509
4526
4527
4540
4545
4555
4562
4599
4628
4633
4633
4636
4636
4642
4656
4734
4767
4774
4775
4781
4786
4803
4838
4893
4896
4921
4944
4944
4960
4965
4977
4978
4979
4982
4999
4999
5001
5028
5030
5034
5036
5045
5066
5074
5095
5097
5118
5204
5207
5215
5262
5265
5280
5285
5301
5318
5336
5363
5377
5378
5387
5436
5445
5488
5525
5542
5553
5573
5582
5582
5585
5588
5596
5605
5630
5650
5661
5679
5699
5714
5720
5721
5748
5772
5787
5787
5806
5843
5861
5876
5887
5898
5907
5950
5974
5980
5993
5997
6036
6038
6047
6053
6060
6077
6079
6080
6102
6115
6136
6146
6150
6170
6185
6220
6225
6231
6251
6267
6282
6287
6316
6325
6356
6362
6400
6424
6428
6431
6441
6442
6467
6492
6496
6507
6531
6549
6558
6577
6580
6614
6618
6622
6656
6671
6691
6704
6717
6723
6743
6753
6760
6794
6799
6825
6826
6827
6848
6850
6860
6863
6878
6897
6944
6996
7038
7044
7053
7083
7089
7101
7156
7181
7186
7250
7254
7264
7266
7270
7277
7280
7302
7305
7310
7313
7325
7357
7383
7385
7400
7401
7434
7448
7477
7491
7505
7549
7560
7609
7612
7635
7664
7674
7681
7723
7739
7740
7741
7762
7786
7789
7802
7803
7810
7825
7826
7827
7828
7881
7944
7944
7952
7958
7981
7992
8012
8028
8033
8043
8046
8069
8087
8094
8099
8249
8251
8267
8350
8355
8370
8373
8380
8419
8427
8432
8487
8498
8515
8523
8530
8540
8555
8556
8562
8568
8596
8604
8630
8632
8633
8729
8751
8769
8770
8792
8884
8930
8955
8957
8963
8995
9002
9016
9019
9021
9026
9045
9051
9073
9079
9105
9113
9144
9162
9169
9175
9176
9193
9194
9223
9223
9243
9250
9258
9268
9280
9286
9331
9346
9358
9368
9386
9393
9430
9439
9447
9465
9476
9482
9491
9501
9512
9513
9521
9527
9564
9580
9604
9667
9678
9686
9695
9768
9785
9785
9788
9793
9820
9854
9864
9867
9871
9874
9949
9967
10004
10007
10014
10019
10030
10055
10056
10074
10119
10120
10129
10144
10150
10168
10201
10218
10221
10243
10280
10326
10399
10407
10480
10484
10485
10490
10499
10505
10532
10569
10612
10638
10660
10668
10687
10692
10719
10723
10725
10731
10742
10761
10763
10782
10782
10793
10814
10816
10820
10826
10827
10834
10839
10846
10855
10875
10912
10942
10974
10987
11050
11060
11104
11107
11110
11117
11118
11129
11151
11182
11192
11219
11245
11260
11269
11278
11288
11303
11322
11331
11333
11346
11360
11411
11423
11425
11431
11439
11447
11451
11460
11475
11482
11502
11561
11563
11575
11583
11596
11609
11611
11642
11663
11716
11735
11770
11778
11815
11820
11820
11853
11862
11894
11901
11905
11919
11922
11940
11945
11946
11948
11979
11984
11986
11991
12009
12018
12026
12033
12036
12037
12048
12063
12063
12123
12145
12156
12179
12181
12226
12230
12234
12249
12252
12253
12306
12313
12316
12337
12341
12362
12395
12409
12430
12442
12448
12454
12487
12512
12531
12596
12603
12609
12609
12620
12627
12627
12634
12641
12647
12657
12674
12689
12691
12702
12706
12724
12730
12742
12755
12792
12802
12816
12823
12877
12891
12896
12899
12905
12906
12941
12950
12951
12961
12967
12989
12996
13007
13017
13046
13058
13077
13078
13101
13149
13182
13189
13197
13200
13224
13258
13261
13268
13278
13353
13356
13381
13386
13433
13457
13459
13468
13491
13505
13543
13564
13595
13616
13616
13621
13624
13652
13654
13669
13683
13686
13713
13718
13723
13737
13738
13751
13765
13775
13779
13796
13797
13799
13808
13836
13870
13877
13884
13915
13972
13973
14015
14037
14065
14071
14072
14098
14108
14115
14149
14189
14196
14198
14199
14209
14217
14223
14251
14256
14290
14293
14304
14312
14354
14356
14394
14410
14465
14486
14486
14491
14520
14533
14567
14592
14609
14619
14662
14671
14673
14684
14690
14709
14711
14740
14750
14765
14787
14837
14839
14851
14865
14876
14882
14893
14919
14921
14928
14928
14943
14947
14957
14990
15000
15000
15026
15043
15066
15077
15085
15092
15102
15110
15134
15177
15196
15211
15219
15222
15236
15239
15255
15257
15280
15283
15330
15391
15392
15402
15413
15451
15464
15476
15481
15489
15536
15540
15551
15555
15555
15570
15586
15591
15605
15609
15624
15630
15648
15662
15667
15678
15685
15693
15711
15723
15730
15735
15736
15756
15763
15765
15815
15821
15830
15831
15835
15848
15853
15880
15882
15937
15941
15971
16003
16037
16047
16080
16081
16141
16147
16154
16181
16181
16210
16227
16228
16242
16294
16295
16302
16304
16314
16336
16345
16350
16350
16352
16356
16414
16421
16435
16446
16457
16473
16476
16497
16504
16521
16530
16532
16541
16551
16566
16601
16637
16646
16656
16659
16695
16722
16726
16782
16796
16835
16837
16837
16840
16856
16860
16863
16870
16882
16940
16947
16957
16960
16966
16970
16972
16983
16999
17049
17057
17063
17081
17084
17092
17118
17129
17169
17171
17177
17199
17246
17280
17291
17292
17312
17320
17321
17340
17340
17386
17388
17411
17429
17440
17445
17499
17505
17528
17536
17572
17576
17584
17597
17602
17615
17663
17672
17678
17710
17726
17743
17747
17766
17776
17784
17794
17795
17810
17852
17864
17872
17880
17892
17910
17931
17933
17954
17967
18005
18012
18018
18038
18083
18103
18107
18116
18132
18167
18168
18169
18177
18188
18189
18205
18211
18223
18237
18256
18266
18270
18280
18297
18325
18326
18327
18339
18350
18353
18355
18363
18371
18401
18405
18412
18417
18418
18463
18468
18474
18498
18501
18505
18513
18541
18576
18582
18592
18601
18603
18632
18634
18649
18651
18668
18773
18773
18790
18792
18815
18839
18857
18860
18878
18879
18880
18885
18887
18902
18903
18924
18933
18964
18974
18995
19023
19078
19089
19092
19095
19104
19153
19162
19185
19220
19250
19290
19310
19321
19339
19340
19354
19361
19364
19376
19410
19417
19419
19420
19433
19453
19457
19467
19480
19492
19550
19557
19618
19628
19629
19631
19666
19678
19695
19705
19707
19709
19719
19720
19735
19779
19798
19802
19807
19867
19874
19888
19897
19925
19928
19936
19950
19986
19990
19990
19996
20014
20034
20041
20066
20082
20104
20114
20140
20140
20167
20178
20185
20189
20208
20214
20216
20221
20300
20303
20349
20359
20361
20367
20372
20376
20397
20413
20417
20429
20434
20440
20449
20452
20466
20475
20480
20506
20537
20537
20540
20550
20574
20599
20601
20617
20638
20638
20643
20650
20653
20677
20695
20712
20733
20779
20786
20795
20803
20806
20816
20820
20824
20840
20846
20882
20886
20921
20967
20971
20971
21006
21048
21051
21076
21084
21096
21146
21150
21162
21202
21269
21278
21280
21320
21330
21367
21372
21389
21471
21473
21475
21476
21479
21487
21500
21515
21522
21538
21544
21580
21595
21604
21630
21653
21657
21669
21683
21686
21726
21737
21749
21779
21780
21796
21851
21858
21864
21868
21882
21908
21947
21968
22020
22025
22101
22106
22118
22118
22124
22141
22150
22194
22216
22216
22229
22235
22237
22244
22245
22248
22251
22251
22253
22272
22290
22295
22305
22344
22378
22394
22403
22478
22510
22536
22549
22549
22569
22604
22617
22641
22653
22658
22678
22710
22714
22737
22742
22748
22756
22764
22791
22801
22805
22828
22856
22862
22879
22905
22940
22947
22949
22964
22973
22989
22999
23007
23020
23028
23076
23106
23115
23122
23139
23146
23166
23174
23183
23211
23214
23251
23253
23270
23367
23376
23385
23387
23419
23430
23437
23478
23480
23505
23510
23511
23535
23537
23564
23574
23652
23657
23668
23697
23697
23699
23724
23744
23747
23767
23777
23785
23798
23806
23806
23810
23842
23842
23851
23870
23875
23879
23929
23982
23996
24033
24048
24066
24110
24115
24140
24140
24142
24142
24159
24189
24202
24223
24264
24281
24339
24362
24397
24428
24437
24446
24492
24506
24512
24558
24567
24598
24625
24639
24646
24675
24692
24709
24713
24719
24720
24738
24752
24756
24766
24771
24780
24784
24809
24813
24817
24844
24850
24875
24903
24906
24917
24933
24948
24949
24959
25020
25020
25021
25043
25052
25067
25068
25078
25092
25110
25126
25147
25151
25153
25157
25158
25161
25172
25216
25238
25269
25284
25311
25323
25339
25345
25401
25420
25440
25456
25468
25484
25489
25493
25510
25525
25532
25536
25538
25546
25547
25557
25567
25578
25581
25593
25638
25669
25682
25742
25743
25749
25784
25842
25847
25871
25897
25906
25945
25986
25989
26009
26055
26079
26090
26091
26092
26146
26146
26158
26169
26178
26179
26199
26211
26268
26280
26300
26325
26330
26330
26364
26385
26389
26412
26415
26430
26446
26468
26484
26510
26513
26523
26523
26535
26560
26565
26567
26579
26579
26600
26610
26612
26628
26664
26665
26674
26676
26696
26766
26776
26779
26782
26825
26868
26877
26895
26923
26936
26946
26971
26971
26976
26977
26980
26981
27052
27071
27104
27110
27123
27124
27130
27162
27191
27194
27211
27257
27262
27263
27269
27283
27289
27290
27303
27315
27370
27373
27374
27375
27387
27391
27411
27420
27427
27434
27440
27448
27460
27464
27487
27529
27563
27565
27580
27592
27592
27602
27650
27655
27664
27671
27697
27707
27751
27810
27813
27822
27882
27916
27962
27980
27997
28017
28038
28039
28054
28059
28077
28098
28128
28161
28184
28202
28246
28273
28282
28332
28333
28439
28457
28477
28489
28518
28522
28529
28537
28547
28561
28562
28571
28580
28598
28602
28607
28624
28670
28673
28700
28706
28728
28736
28742
28761
28770
28781
28793
28807
28820
28834
28852
28859
28887
28924
28928
28940
28994
29008
29016
29030
29031
29038
29041
29047
29069
29087
29112
29112
29122
29188
29200
29228
29233
29236
29240
29252
29306
29307
29311
29342
29348
29349
29360
29444
29448
29451
29455
29466
29469
29516
29520
29544
29556
29566
29578
29589
29621
29631
29645
29661
29663
29668
29710
29718
29719
29731
29735
29739
29751
29759
29778
29779
29788
29798
29854
29858
29866
29880
29906
29932
29961
29963
29969
29972
29975
29985
30028
30079
30080
30088
30090
30104
30114
30117
30120
30124
30131
30141
30150
30164
30168
30185
30223
30253
30279
30295
30303
30310
30335
30351
30382
30406
30428
30430
30434
30437
30450
30472
30477
30496
30496
30496
30502
30527
30531
30555
30557
30562
30572
30583
30585
30591
30597
30698
30708
30732
30745
30751
30751
30757
30762
30785
30824
30824
30847
30851
30864
30866
30871
30887
30888
30906
30909
30926
30953
30968
30974
31003
31011
31033
31052
31055
31057
31057
31067
31097
31107
31108
31108
31112
31120
31122
31130
31138
31184
31185
31190
31221
31250
31300
31307
31343
31347
31404
31421
31427
31445
31480
31483
31495
31500
31535
31540
31542
31545
31563
31576
31596
31605
31608
31627
31629
31665
31702
31769
31772
31793
31808
31888
31892
31892
31898
31904
31905
31906
31912
31918
31921
31924
31938
31939
31961
31987
32005
32015
32041
32047
32054
32079
32103
32117
32148
32152
32176
32181
32193
32196
32208
32215
32237
32239
32241
32256
32263
32293
32309
32323
32362
32370
32396
32421
32425
32429
32435
32463
32467
32471
32480
32491
32504
32514
32514
32541
32557
32579
32582
32590
32596
32600
32612
32619
32627
32627
32633
32636
32643
32660
32662
32715
32725
32733
32741
32749
32761
32794
32801
32803
32804
32807
32835
32850
32871
32915
32932
32934
32966
32986
33014
33028
33047
33061
33070
33070
33082
33085
33093
33127
33131
33132
33159
33165
33193
33212
33234
33234
33238
33257
33258
33262
33265
33271
33278
33300
33304
33317
33338
33355
33367
33370
33372
33375
33380
33392
33403
33428
33428
33462
33510
33554
33592
33613
33616
33627
33629
33636
33650
33657
33671
33688
33688
33704
33705
33734
33736
33748
33765
33774
33780
33783
33793
33799
33827
33864
33882
33919
33926
33961
33971
33990
33991
34067
34068
34084
34098
34102
34122
34126
34128
34152
34188
34189
34215
34221
34250
34255
34261
34310
34312
34338
34344
34349
34360
34419
34428
34483
34486
34490
34492
34511
34535
34549
34560
34577
34588
34606
34612
34637
34663
34677
34678
34685
34708
34708
34751
34836
34843
34851
34883
34919
34928
34932
34980
34980
35006
35034
35039
35043
35044
35052
35053
35104
35110
35112
35115
35116
35146
35155
35157
35169
35180
35182
35223
35236
35246
35247
35264
35264
35289
35318
35350
35379
35395
35396
35402
35405
35418
35451
35485
35488
35489
35507
35511
35527
35540
35548
35578
35602
35623
35645
35649
35651
35652
35726
35729
35747
35756
35760
35779
35787
35830
35834
35835
35859
35868
35879
35932
35937
35942
35960
36011
36028
36061
36061
36078
36091
36115
36158
36164
36186
36193
36201
36203
36209
36222
36227
36252
36273
36281
36285
36297
36308
36323
36328
36331
36377
36410
36436
36436
36451
36481
36517
36556
36564
36573
36587
36589
36605
36618
36646
36694
36699
36713
36736
36756
36763
36779
36780
36783
36841
36858
36864
36899
36917
36917
36953
36982
37002
37023
37034
37038
37043
37093
37104
37112
37123
37167
37173
37186
37190
37227
37245
37247
37273
37275
37282
37288
37295
37302
37307
37315
37322
37370
37373
37400
37411
37425
37426
37429
37435
37435
37455
37479
37505
37505
37513
37519
37542
37564
37572
37578
37590
37605
37606
37607
37625
37638
37643
37664
37678
37711
37742
37764
37766
37780
37782
37786
37805
37819
37851
37885
37891
37895
37900
37902
37927
37950
37955
37971
37978
37990
37999
38002
38034
38039
38041
38043
38054
38088
38092
38134
38160
38183
38235
38253
38254
38263
38275
38278
38296
38312
38318
38323
38349
38352
38359
38362
38377
38393
38423
38424
38424
38468
38471
38497
38512
38517
38518
38563
38565
38608
38610
38614
38629
38635
38643
38700
38733
38764
38777
38801
38838
38840
38850
38855
38937
38940
38947
38957
38974
38986
39002
39012
39022
39024
39039
39061
39080
39090
39095
39118
39146
39152
39161
39163
39184
39202
39204
39209
39216
39234
39235
39237
39270
39285
39297
39305
39320
39321
39369
39372
39384
39400
39400
39407
39416
39421
39422
39455
39520
39530
39538
39547
39547
39599
39613
39649
39669
39670
39704
39732
39753
39757
39776
39780
39789
39819
39823
39834
39879
39909
39932
39940
39947
39980
39992
39994
40007
40008
40012
40065
40065
40071
40149
40150
40163
40178
40204
40210
40211
40223
40227
40233
40249
40300
40305
40334
40356
40400
40418
40444
40504
40508
40536
40542
40587
40591
40653
40659
40661
40679
40720
40724
40739
40760
40761
40790
40818
40832
40837
40844
40851
40858
40863
40868
40878
40882
40882
40887
40909
40916
40921
40981
41000
41016
41022
41048
41054
41077
41084
41106
41116
41153
41165
41184
41186
41195
41200
41203
41213
41214
41227
41254
41258
41318
41328
41350
41354
41376
41416
41448
41458
41463
41466
41481
41491
41511
41559
41561
41617
41676
41683
41693
41714
41733
41749
41760
41857
41868
41870
41884
41921
41925
41931
41938
41948
41957
41968
41977
41988
41990
42001
42012
42030
42047
42058
42077
42077
42090
42100
42117
42124
42146
42153
42178
42213
42239
42250
42301
42322
42322
42378
42420
42437
42443
42490
42499
42512
42534
42550
42552
42573
42574
42578
42609
42634
42640
42641
42642
42642
42646
42687
42721
42731
42748
42797
42807
42877
42893
42905
42913
42914
42949
42950
42978
43002
43022
43050
43057
43092
43108
43149
43159
43184
43203
43203
43205
43224
43234
43236
43246
43264
43279
43282
43290
43309
43322
43328
43382
43399
43404
43408
43418
43422
43433
43446
43469
43497
43499
43501
43512
43521
43561
43564
43575
43629
43645
43648
43652
43660
43662
43677
43698
43710
43725
43767
43781
43783
43789
43872
43915
43918
43920
43939
43960
43972
43997
43998
44009
44010
44045
44048
44056
44059
44076
44099
44116
44125
44138
44138
44139
44181
44185
44235
44248
44251
44272
44316
44369
44396
44399
44405
44420
44420
44426
44434
44435
44479
44482
44484
44503
44511
44529
44545
44551
44581
44616
44651
44658
44668
44700
44715
44718
44721
44724
44738
44742
44758
44762
44777
44790
44797
44813
44818
44824
44835
44853
44867
44919
44979
44985
44990
44992
45019
45029
45033
45048
45102
45116
45134
45146
45242
45250
45255
45278
45316
45342
45349
45353
45353
45405
45429
45442
45444
45467
45477
45480
45520
45528
45543
45566
45566
45592
45605
45626
45678
45704
45707
45752
45754
45759
45792
45798
45800
45833
45840
45840
45855
45866
45899
45911
45988
46001
46020
46073
46074
46076
46103
46124
46140
46161
46162
46180
46187
46187
46192
46196
46210
46219
46222
46226
46232
46232
46246
46249
46263
46266
46285
46296
46304
46326
46330
46370
46382
46391
46395
46451
46474
46495
46519
46519
46554
46569
46573
46603
46620
46623
46638
46667
46680
46681
46683
46690
46716
46766
46776
46781
46791
46797
46808
46834
46836
46869
46871
46882
46883
46898
46929
46939
46950
46952
46968
46978
46992
46994
47011
47011
47017
47033
47041
47047
47051
47082
47084
47113
47118
47125
47126
47175
47189
47204
47220
47227
47228
47230
47255
47255
47278
47289
47304
47316
47340
47345
47392
47416
47427
47460
47487
47518
47527
47558
47561
47572
47583
47584
47611
47612
47625
47649
47725
47739
47774
47781
47783
47786
47790
47797
47804
47805
47840
47844
47860
47865
47871
47872
47896
47900
47963
47972
48023
48027
48093
48105
48110
48117
48118
48129
48130
48133
48147
48157
48168
48172
48175
48205
48212
48232
48233
48236
48294
48307
48331
48335
48335
48341
48347
48367
48374
48381
48383
48411
48421
48426
48440
48446
48446
48452
48458
48460
48467
48474
48494
48525
48526
48542
48552
48569
48583
48613
48647
48672
48680
48722
48781
48799
48812
48821
48851
48867
48872
48873
48917
48918
48933
48936
48942
48953
48959
48979
48987
48988
49002
49013
49019
49025
49034
49042
49060
49066
49079
49099
49109
49114
49115
49134
49135
49136
49177
49207
49257
49269
49297
49305
49320
49325
49354
49365
49377
49383
49385
49405
49431
49437
49440
49456
49471
49528
49545
49555
49565
49582
49615
49632
49634
49669
49697
49718
49731
49731
49735
49737
49754
49754
49755
49775
49801
49835
49852
49864
49910
49938
49952
49980
49981
49982
49990
50003
50005
50019
50032
50075
50088
50112
50114
50121
50133
50156
50164
50185
50190
50207
50220
50241
50274
50307
50325
50332
50340
50341
50346
50348
50358
50387
50408
50425
50440
50449
50467
50482
50483
50488
50503
50506
50514
50515
50546
50559
50575
50581
50615
50618
50652
50679
50698
50722
50740
50743
50756
50783
50804
50806
50813
50825
50832
50835
50852
50855
50866
50868
50890
50893
50898
50905
50911
50922
50966
51035
51040
51055
51105
51120
51136
51188
51195
51209
51245
51248
51251
51253
51285
51329
51383
51387
51419
51423
51423
51425
51452
51483
51493
51501
51537
51554
51558
51575
51580
51592
51594
51596
51602
51610
51665
51700
51759
51770
51806
51835
51840
51862
51870
51890
51915
51920
51926
51937
51945
51953
51970
52002
52002
52025
52077
52093
52105
52141
52157
52157
52170
52180
52190
52201
52209
52210
52213
52220
52224
52236
52238
52265
52277
52316
52318
52322
52341
52344
52356
52388
52407
52413
52436
52443
52451
52455
52466
52473
52479
52486
52500
52522
52527
52566
52590
52613
52624
52642
52646
52707
52715
52722
52726
52754
52772
52773
52776
52776
52787
52813
52822
52869
52913
52930
52946
52961
52974
53003
53006
53016
53034
53046
53048
53077
53090
53107
53127
53135
53167
53193
53206
53229
53238
53254
53255
53258
53269
53275
53285
53313
53338
53344
53359
53368
53371
53374
53388
53406
53434
53437
53450
53457
53457
53461
53488
53497
53532
53540
53559
53568
53575
53594
53599
53604
53634
53637
53647
53679
53690
53717
53718
53735
53740
53747
53753
53759
53765
53773
53777
53788
53809
53811
53854
53873
53873
53885
53894
53913
53917
53948
54019
54029
54033
54102
54115
54122
54131
54139
54156
54167
54175
54176
54181
54203
54213
54265
54307
54348
54370
54372
54373
54384
54385
54386
54392
54413
54417
54421
54438
54439
54445
54445
54447
54466
54467
54483
54484
54487
54493
54507
54524
54528
54536
54557
54570
54588
54590
54592
54595
54602
54605
54605
54610
54616
54622
54626
54633
54637
54677
54683
54684
54688
54704
54706
54720
54735
54739
54740
54763
54764
54801
54841
54905
54920
54926
54930
54955
54955
54958
54981
55024
55026
55027
55038
55045
55056
55061
55074
55074
55116
55125
55143
55144
55148
55184
55197
55197
55204
55204
55234
55235
55255
55256
55262
55264
55268
55270
55289
55306
55326
55389
55402
55418
55454
55471
55475
55505
55524
55531
55543
55560
55566
55603
55609
55623
55624
55638
55666
55682
55734
55747
55780
55797
55798
55800
55829
55834
55838
55844
55867
55882
55898
55906
55969
55983
56001
56003
56006
56035
56063
56066
56083
56087
56130
56146
56156
56157
56185
56220
56228
56242
56293
56300
56321
56332
56340
56351
56354
56379
56380
56397
56411
56414
56416
56434
56481
56497
56501
56503
56509
56509
56518
56536
56549
56562
56588
56601
56634
56643
56679
56696
56703
56717
56732
56776
56779
56783
56815
56882
56889
56930
56954
56971
57005
57007
57033
57039
57076
57087
57110
57151
57180
57184
57197
57205
57214
57225
57271
57294
57302
57330
57352
57483
57487
57547
57570
57575
57585
57586
57613
57631
57641
57655
57681
57703
57710
57742
57754
57765
57803
57818
57843
57860
57860
57875
57880
57887
57908
57922
57935
57968
57991
57997
58001
58022
58045
58072
58085
58089
58096
58099
58106
58120
58126
58133
58137
58142
58187
58216
58219
58261
58275
58288
58311
58321
58334
58371
58391
58405
58407
58443
58474
58480
58481
58488
58489
58493
58515
58552
58562
58578
58581
58595
58605
58614
58623
58643
58647
58658
58664
58664
58666
58692
58744
58750
58753
58780
58798
58830
58840
58843
58866
58879
58905
58935
58951
58961
58972
58996
59004
59007
59027
59060
59098
59105
59107
59145
59178
59193
59196
59207
59212
59232
59262
59352
59385
59407
59422
59424
59427
59432
59461
59465
59477
59478
59508
59513
59518
59527
59551
59552
59588
59607
59621
59625
59637
59710
59711
59722
59759
59762
59762
59776
59781
59785
59852
59854
59863
59866
59867
59906
59912
59925
59933
59977
59978
59998
60028
60040
60080
60087
60113
60114
60122
60147
60179
60196
60204
60206
60209
60236
60243
60250
60268
60278
60307
60369
60380
60395
60431
60433
60479
60491
60511
60521
60529
60558
60579
60613
60634
60650
60653
60663
60691
60706
60758
60763
60767
60795
60807
60823
60834
60909
60916
60921
60925
60932
60937
60965
60966
60991
60994
61011
61028
61048
61048
61051
61066
61071
61112
61124
61130
61140
61162
61163
61167
61174
61188
61214
61255
61260
61276
61300
61326
61329
61376
61378
61429
61430
61455
61467
61479
61491
61498
61504
61504
61505
61534
61534
61558
61574
61618
61623
61629
61638
61645
61663
61664
61664
61665
61722
61730
61772
61796
61797
61827
61833
61843
61867
61890
61892
61901
61927
61937
61949
61961
61992
62001
62007
62023
62024
62034
62089
62114
62128
62131
62134
62136
62138
62160
62165
62170
62178
62189
62207
62210
62220
62224
62243
62279
62284
62315
62317
62318
62330
62387
62404
62412
62419
62419
62429
62436
62445
62464
62487
62529
62549
62587
62605
62632
62643
62669
62678
62710
62714
62725
62728
62749
62750
62761
62807
62811
62839
62852
62893
62921
62929
62959
63011
63037
63044
63052
63075
63111
63132
63158
63175
63228
63233
63235
63236
63264
63271
63306
63334
63337
63357
63371
63386
63445
63480
63509
63534
63537
63543
63592
63593
63597
63645
63646
63662
63666
63674
63700
63713
63734
63764
63776
63791
63796
63799
63802
63804
63836
63838
63866
63870
63902
63911
63915
63926
63936
63938
63944
63959
63959
63997
64029
64030
64037
64042
64053
64103
64125
64143
64148
64151
64157
64198
64199
64204
64208
64217
64242
64247
64263
64265
64266
64276
64277
64277
64295
64295
64295
64299
64337
64382
64408
64428
64454
64456
64480
64534
64535
64544
64573
64609
64618
64657
64663
64664
64698
64705
64722
64731
64740
64747
64753
64756
64760
64762
64767
64820
64833
64841
64842
64844
64924
64934
64946
64980
65009
65029
65091
65114
65139
65149
65150
65205
65218
65227
65234
65256
65273
65274
65378
65396
65397
65417
65438
65450
65458
65464
65472
65493
65496
65515
65534
65536
65563
65592
65600
65625
65630
65648
65653
65671
65672
65681
65712
65738
65756
65760
65779
65782
65799
65803
65822
65824
65832
65851
65859
65864
65868
65878
65885
65927
65939
65955
65999
66026
66048
66049
66057
66072
66125
66125
66139
66149
66150
66169
66174
66208
66257
66268
66304
66328
66330
66358
66385
66404
66419
66424
66443
66447
66450
66457
66484
66489
66503
66505
66509
66525
66533
66546
66554
66598
66643
66658
66678
66681
66716
66718
66771
66776
66779
66780
66808
66834
66856
66870
66875
66882
66899
66929
66938
66944
66949
66960
66981
66981
66989
67002
67002
67106
67107
67118
67125
67145
67176
67181
67190
67201
67202
67249
67255
67283
67294
67300
67333
67346
67349
67369
67387
67392
67401
67406
67421
67429
67442
67449
67485
67491
67501
67520
67548
67591
67593
67629
67631
67657
67685
67708
67722
67770
67781
67803
67815
67828
67857
67876
67897
67898
67921
67923
67957
67967
68038
68039
68053
68079
68092
68114
68124
68140
68153
68153
68159
68167
68189
68200
68203
68204
68233
68240
68247
68252
68268
68288
68340
68356
68428
68450
68470
68480
68510
68511
68639
68656
68665
68687
68695
68700
68742
68753
68765
68770
68786
68801
68817
68818
68829
68834
68847
68890
68901
68910
68928
68936
68942
68945
68963
68967
68973
68974
68975
68975
68983
69008
69017
69050
69073
69078
69107
69109
69119
69143
69154
69155
69159
69165
69211
69211
69243
69252
69265
69289
69297
69297
69298
69300
69320
69324
69327
69363
69378
69381
69387
69410
69424
69438
69466
69468
69493
69498
69506
69516
69527
69529
69546
69564
69584
69605
69649
69684
69720
69726
69742
69760
69764
69770
69771
69780
69784
69808
69814
69829
69840
69845
69845
69888
69937
69940
69947
69969
69972
70007
70018
70022
70040
70085
70090
70096
70097
70122
70122
70152
70153
70183
70209
70214
70235
70241
70252
70269
70276
70283
70306
70312
70332
70340
70352
70366
70373
70429
70440
70445
70451
70455
70464
70482
70513
70529
70580
70596
70631
70659
70687
70706
70774
70816
70842
70873
70892
70895
70905
70913
70925
70929
71037
71041
71047
71064
71065
71101
71109
71116
71135
71151
71151
71153
71162
71171
71179
71190
71193
71196
71199
71209
71224
71225
71237
71276
71287
71307
71314
71324
71330
71335
71344
71352
71369
71372
71375
71376
71431
71435
71444
71448
71460
71461
71476
71477
71498
71503
71503
71531
71539
71543
71550
71559
71573
71590
71635
71636
71651
71664
71688
71716
71727
71754
71758
71786
71845
71855
71872
71900
71933
71938
71940
71941
71943
71965
71977
72013
72023
72067
72092
72126
72131
72150
72153
72159
72168
72191
72195
72205
72208
72234
72261
72283
72284
72301
72316
72328
72337
72362
72430
72432
72444
72471
72475
72504
72555
72559
72581
72591
72605
72613
72641
72653
72657
72688
72698
72700
72708
72720
72748
72754
72762
72777
72782
72787
72801
72814
72817
72818
72829
72851
72862
72901
72909
72958
72963
72969
72976
72983
73005
73023
73031
73071
73078
73112
73117
73142
73145
73153
73160
73180
73184
73202
73208
73248
73252
73258
73305
73308
73316
73325
73333
73359
73369
73373
73413
73414
73430
73431
73431
73449
73473
73520
73566
73575
73590
73603
73605
73617
73623
73630
73705
73729
73737
73759
73770
73800
73802
73809
73825
73847
73848
73868
73883
73893
73902
73917
73970
73976
74004
74008
74030
74063
74090
74112
74122
74123
74125
74130
74142
74144
74145
74158
74186
74201
74233
74236
74257
74272
74289
74310
74316
74324
74327
74331
74347
74364
74389
74394
74396
74401
74409
74447
74453
74468
74481
74496
74498
74503
74519
74525
74542
74555
74562
74569
74597
74636
74655
74679
74706
74733
74745
74747
74760
74760
74795
74803
74837
74840
74850
74854
74878
74882
74891
74904
74979
74996
75011
75089
75106
75125
75130
75149
75167
75174
75177
75187
75231
75250
75306
75329
75366
75373
75381
75413
75420
75451
75494
75498
75504
75511
75512
75514
75516
75543
75551
75559
75565
75568
75568
75615
75636
75666
75675
75676
75684
75684
75699
75700
75719
75720
75753
75755
75760
75790
75797
75797
75804
75819
75835
75850
75881
75884
75891
75911
75926
75953
75958
75986
76003
76017
76017
76052
76065
76088
76093
76107
76114
76142
76205
76212
76231
76272
76273
76316
76316
76321
76342
76345
76345
76353
76373
76405
76408
76412
76420
76424
76449
76461
76464
76465
76471
76535
76548
76559
76626
76626
76645
76665
76698
76701
76726
76731
76760
76780
76784
76812
76818
76824
76833
76833
76835
76845
76852
76861
76888
76915
76928
76981
76983
76988
76994
77002
77052
77065
77120
77132
77139
77187
77207
77210
77227
77245
77249
77279
77285
77288
77321
77323
77329
77345
77349
77355
77359
77368
77380
77404
77424
77439
77493
77501
77506
77514
77514
77519
77534
77534
77537
77543
77572
77578
77595
77619
77625
77665
77679
77684
77695
77716
77720
77736
77785
77822
77874
77876
77883
77891
77900
77922
77938
77942
77945
77955
77959
77963
77977
77981
78053
78094
78094
78097
78134
78138
78145
78167
78178
78178
78184
78200
78201
78222
78239
78248
78249
78263
78266
78274
78279
78292
78301
78310
78314
78325
78328
78358
78360
78375
78388
78399
78419
78420
78427
78449
78478
78488
78493
78497
78519
78544
78549
78553
78569
78570
78579
78619
78631
78632
78662
78683
78700
78725
78749
78763
78770
78784
78787
78794
78827
78844
78884
78887
78904
78910
78917
78922
78923
78924
78931
78931
78932
78939
78960
79008
79026
79055
79060
79074
79076
79084
79096
79131
79132
79172
79195
79204
79254
79255
79266
79285
79300
79308
79309
79321
79324
79338
79375
79382
79411
79439
79443
79445
79454
79455
79482
79494
79517
79528
79558
79567
79586
79588
79592
79596
79618
79637
79637
79664
79691
79694
79712
79729
79733
79749
79752
79773
79810
79866
79866
79879
79911
79917
79921
79927
79948
79995
79997
80006
80006
80045
80055
80083
80120
80160
80180
80190
80191
80218
80221
80227
80242
80250
80251
80314
80341
80371
80371
80383
80393
80424
80475
80476
80483
80494
80524
80563
80569
80582
80648
80649
80658
80669
80680
80740
80750
80775
80777
80777
80782
80802
80806
80806
80871
80872
80898
80904
80913
80916
80937
80940
80960
80978
80992
81018
81033
81034
81034
81036
81036
81051
81051
81068
81073
81103
81113
81140
81142
81144
81170
81179
81184
81207
81208
81233
81246
81272
81293
81310
81317
81333
81344
81358
81369
81385
81425
81427
81432
81448
81456
81474
81522
81534
81539
81539
81545
81554
81585
81615
81678
81682
81708
81710
81728
81731
81737
81760
81762
81782
81859
81859
81879
81897
81931
81934
81942
81948
81953
81962
81963
81986
82011
82053
82075
82084
82095
82107
82118
82137
82137
82172
82245
82251
82256
82257
82279
82286
82317
82321
82345
82349
82359
82371
82381
82382
82410
82428
82434
82460
82489
82499
82502
82529
82535
82557
82572
82573
82585
82590
82596
82604
82624
82628
82638
82641
82660
82686
82690
82707
82735
82736
82749
82751
82784
82785
82797
82807
82833
82855
82886
82901
82910
82925
82941
82949
82956
82958
82959
82979
82994
82995
83037
83054
83057
83059
83100
83112
83121
83144
83155
83186
83212
83217
83231
83287
83296
83297
83312
83333
83335
83342
83361
83368
83438
83449
83457
83501
83517
83534
83550
83565
83568
83631
83679
83680
83727
83785
83792
83795
83807
83812
83829
83839
83862
83873
83897
83929
83935
83945
83976
84006
84008
84039
84051
84082
84104
84136
84141
84149
84154
84157
84181
84224
84228
84231
84243
84250
84256
84257
84266
84271
84276
84279
84281
84298
84316
84341
84358
84386
84387
84390
84408
84453
84454
84499
84534
84558
84563
84587
84674
84705
84741
84767
84787
84790
84792
84810
84840
84849
84890
84919
84947
84977
85017
85038
85101
85134
85155
85156
85158
85161
85170
85170
85188
85216
85230
85243
85244
85271
85283
85308
85310
85316
85316
85327
85339
85366
85368
85376
85387
85431
85486
85491
85504
85512
85516
85530
85594
85611
85613
85623
85624
85652
85660
85669
85671
85689
85708
85719
85735
85744
85776
85787
85803
85810
85832
85834
85836
85851
85867
85867
85872
85873
85875
85877
85890
85899
85900
85906
85922
85945
85950
85955
85966
86019
86031
86043
86052
86063
86098
86120
86161
86191
86199
86201
86216
86219
86223
86224
86242
86280
86282
86292
86294
86302
86309
86309
86349
86351
86357
86364
86417
86418
86437
86448
86451
86469
86483
86513
86541
86554
86559
86565
86569
86591
86593
86594
86607
86649
86666
86671
86677
86696
86721
86722
86763
86764
86766
86821
86842
86870
86931
86969
86973
86976
87012
87020
87027
87030
87031
87055
87072
87073
87074
87082
87095
87103
87103
87117
87137
87150
87158
87159
87162
87176
87201
87210
87227
87252
87267
87288
87295
87296
87302
87313
87339
87358
87363
87378
87380
87381
87383
87443
87477
87483
87515
87519
87528
87542
87551
87576
87606
87610
87612
87615
87624
87626
87648
87651
87669
87687
87689
87701
87717
87720
87742
87746
87764
87770
87775
87791
87806
87806
87828
87829
87869
87870
87886
87890
87896
87924
87930
87958
87964
88022
88023
88041
88056
88098
88122
88134
88136
88156
88173
88191
88195
88203
88212
88218
88229
88252
88290
88299
88323
88387
88394
88415
88427
88436
88481
88488
88503
88512
88520
88535
88538
88543
88549
88569
88570
88620
88628
88665
88673
88676
88695
88736
88763
88768
88775
88777
88786
88793
88831
88871
88893
88921
88932
88942
88955
88998
89013
89028
89037
89055
89059
89060
89064
89080
89080
89119
89124
89143
89190
89195
89211
89220
89222
89223
89236
89271
89278
89280
89286
89294
89306
89329
89357
89361
89369
89373
89374
89386
89389
89468
89491
89501
89514
89525
89533
89551
89553
89554
89563
89567
89594
89635
89666
89684
89686
89721
89726
89756
89783
89786
89803
89890
89907
89927
89952
89989
89997
90015
90034
90039
90040
90078
90088
90100
90104
90114
90125
90155
90182
90204
90212
90228
90255
90277
90282
90296
90311
90313
90313
90332
90342
90387
90392
90402
90445
90473
90481
90492
90494
90523
90540
90547
90611
90661
90696
90708
90760
90804
90810
90811
90820
90845
90875
90879
90921
90939
90943
91021
91034
91042
91057
91065
91074
91075
91076
91077
91083
91099
91112
91120
91142
91147
91168
91177
91187
91189
91207
91221
91241
91267
91286
91288
91290
91298
91372
91375
91389
91432
91465
91478
91479
91524
91566
91569
91586
91595
91608
91640
91654
91694
91696
91710
91722
91730
91740
91759
91773
91807
91810
91814
91841
91860
91863
91886
91889
91896
91908
91938
91951
91956
91996
92005
92021
92026
92031
92094
92122
92146
92151
92176
92183
92190
92210
92216
92228
92265
92279
92280
92288
92291
92297
92298
92314
92324
92359
92432
92447
92451
92455
92463
92482
92499
92508
92510
92549
92562
92573
92604
92606
92627
92639
92641
92660
92672
92674
92681
92684
92694
92713
92730
92732
92741
92742
92796
92814
92818
92847
92848
92860
92870
92871
92871
92883
92887
92929
92945
92957
92958
92971
92975
92989
93018
93019
93031
93076
93077
93098
93110
93113
93117
93176
93270
93334
93378
93399
93462
93476
93504
93510
93524
93556
93564
93595
93601
93614
93624
93647
93653
93659
93675
93682
93722
93753
93761
93791
93825
93829
93851
93874
93875
93883
93887
93907
93917
93925
93941
93949
93965
94009
94015
94027
94040
94051
94068
94080
94092
94092
94123
94124
94151
94164
94256
94263
94292
94312
94319
94343
94369
94397
94437
94463
94463
94472
94482
94486
94534
94568
94568
94605
94634
94635
94666
94674
94674
94739
94758
94758
94825
94834
94867
94869
94961
95007
95024
95068
95075
95098
95101
95121
95127
95141
95156
95175
95176
95195
95214
95223
95243
95304
95310
95321
95333
95347
95348
95371
95391
95409
95434
95441
95443
95444
95459
95489
95518
95524
95528
95553
95568
95592
95610
95626
95635
95716
95719
95721
95734
95771
95802
95809
95820
95820
95846
95882
95934
95937
95966
95970
95973
95978
95985
95988
96010
96025
96073
96076
96087
96106
96143
96149
96170
96185
96194
96198
96204
96215
96217
96231
96270
96289
96309
96329
96333
96339
96386
96398
96400
96406
96406
96425
96427
96444
96469
96478
96480
96497
96507
96607
96614
96614
96643
96653
96654
96669
96695
96723
96752
96779
96780
96811
96852
96864
96876
96883
96919
96944
96962
96989
97084
97097
97107
97201
97208
97219
97253
97262
97266
97272
97283
97300
97305
97305
97310
97315
97326
97336
97340
97357
97387
97393
97393
97400
97410
97423
97435
97438
97464
97472
97484
97502
97509
97516
97531
97625
97626
97630
97635
97646
97677
97681
97687
97743
97752
97774
97774
97802
97802
97828
97831
97832
97832
97834
97844
97851
97868
97877
97906
97921
97923
97938
97987
98009
98023
98024
98039
98052
98060
98070
98070
98081
98101
98105
98136
98175
98176
98182
98188
98194
98220
98232
98240
98256
98307
98309
98320
98328
98343
98350
98376
98388
98415
98418
98469
98473
98482
98483
98501
98510
98547
98563
98578
98601
98601
98602
98617
98623
98663
98677
98696
98727
98768
98785
98800
98810
98825
98830
98848
98861
98876
98879
98883
98892
98906
98952
98953
98954
98966
98968
98970
98981
99013
99018
99046
99075
99103
99131
99133
99154
99179
99231
99240
99244
99263
99284
99328
99329
99335
99364
99381
99419
99427
99432
99444
99494
99510
99569
99613
99616
99632
99654
99661
99669
99680
99683
99692
99709
99717
99742
99751
99778
99817
99837
99857
99865
99871
99880
99896
99936
99949
99952
99996
