35
53
55
56
82
91
99
111
128
133
138
150
155
156
160
166
181
189
191
197
204
225
231
244
246
301
312
335
339
354
371
373
387
408
413
415
418
442
450
462
473
490
503
535
535
558
593
606
635
650
658
680
733
740
764
772
775
787
818
842
842
867
901
901
914
917
1037
1041
1069
1102
1108
1111
1131
1136
1142
1185
1186
1200
1250
1261
1262
1308
1329
1352
1380
1398
1402
1420
1429
1454
1462
1466
1468
1471
1505
1505
1521
1524
1534
1562
1622
1668
1699
1734
1759
1779
1787
1854
1858
1869
1879
1885
1895
1908
1912
1923
1947
1951
1970
1975
1978
1998
2007
2017
2019
2022
2028
2028
2046
2051
2077
2119
2218
2258
2269
2276
2283
2287
2290
2304
2316
2343
2368
2378
2396
2416
2421
2425
2425
2427
2428
2469
2473
2518
2529
2564
2589
2713
2731
2791
2805
2805
2808
2825
2843
2858
2861
2870
2878
2879
2903
2905
2952
2994
2998
3002
3012
3016
3025
3032
3035
3038
3041
3051
3069
3079
3085
3090
3104
3113
3114
3145
3151
3197
3200
3201
3209
3210
3218
3223
3236
3239
3241
3276
3278
3286
3296
3332
3373
3379
3384
3390
3391
3459
3494
3515
3541
3543
3562
3592
3612
3618
3627
3639
3640
3642
3655
3685
3692
3760
3765
3778
3778
3798
3814
3817
3836
3864
3900
3910
3925
3934
3942
3953
3955
3978
3997
4003
4035
4036
4042
4043
4067
4082
4102
4112
4114
4117
4183
4186
4194
4197
4214
4228
4233
4248
4258
4305
4313
4330
4342
4354
4355
4363
4388
4417
4440
4441
4459
4465
4480
4506
4527
4529
4565
4622
4627
4627
4645
4646
4665
4675
4687
4689
4717
4757
4787
4828
4834
4850
4864
4900
4976
5023
5025
5029
5031
5032
5040
5066
5073
5111
5115
5133
5159
5166
5206
5245
5268
5272
5278
5307
5368
5403
5405
5413
5421
5421
5460
5467
5475
5481
5515
5517
5527
5532
5532
5554
5573
5585
5591
5616
5627
5632
5668
5668
5678
5735
5783
5839
5852
5857
5865
5866
5871
5903
5905
5913
5923
5955
5958
5967
5969
5985
5987
6001
6046
6059
6069
6108
6165
6169
6210
6235
6265
6285
6307
6309
6328
6370
6371
6387
6423
6439
6444
6482
6493
6529
6579
6582
6585
6626
6637
6653
6659
6705
6719
6721
6722
6731
6750
6794
6811
6815
6821
6827
6830
6839
6865
6868
6873
6882
6885
6897
6928
6949
6959
6978
6989
6990
7005
7014
7030
7030
7042
7051
7084
7101
7112
7120
7152
7165
7177
7207
7235
7245
7251
7283
7299
7310
7317
7348
7359
7418
7422
7424
7446
7453
7521
7564
7637
7640
7641
7666
7708
7722
7745
7754
7759
7762
7788
7808
7829
7858
7863
7910
7929
7938
7950
8006
8007
8011
8021
8055
8073
8076
8092
8096
8110
8130
8145
8160
8161
8164
8171
8173
8174
8186
8236
8240
8251
8272
8273
8274
8274
8278
8279
8301
8305
8315
8317
8329
8337
8346
8350
8351
8384
8409
8411
8412
8412
8448
8450
8463
8465
8476
8485
8492
8523
8524
8538
8543
8569
8600
8639
8667
8667
8686
8694
8708
8741
8750
8765
8799
8822
8849
8906
8923
8930
8940
8949
8950
8951
8951
8986
9007
9023
9026
9027
9044
9071
9097
9110
9113
9132
9136
9139
9152
9159
9164
9181
9192
9203
9227
9229
9244
9256
9256
9257
9259
9273
9275
9275
9288
9301
9317
9324
9344
9353
9394
9405
9416
9427
9478
9520
9550
9576
9581
9585
9592
9598
9603
9611
9622
9633
9637
9652
9674
9712
9713
9758
9762
9792
9807
9847
9864
9903
9918
9984
10008
10010
10019
10038
10050
10092
10121
10156
10169
10171
10171
10198
10204
10211
10220
10254
10258
10274
10278
10295
10310
10343
10347
10356
10372
10381
10383
10413
10415
10418
10434
10465
10473
10473
10480
10499
10537
10582
10634
10650
10681
10684
10722
10733
10766
10811
10818
10824
10876
10881
10921
10933
10934
10937
10963
10966
10976
10988
11007
11022
11033
11050
11052
11076
11087
11089
11108
11142
11158
11162
11185
11256
11259
11263
11266
11285
11293
11348
11349
11385
11390
11391
11402
11412
11413
11420
11481
11482
11497
11566
11571
11573
11584
11590
11602
11608
11610
11618
11649
11689
11710
11718
11746
11748
11753
11756
11764
11772
11780
11840
11866
11881
11921
11964
11978
11983
11997
12008
12018
12023
12037
12045
12049
12063
12089
12090
12106
12108
12147
12192
12195
12200
12262
12270
12281
12284
12293
12296
12300
12326
12336
12340
12362
12371
12373
12395
12401
12402
12444
12448
12449
12452
12452
12473
12507
12515
12533
12537
12577
12589
12593
12613
12631
12632
12638
12642
12644
12672
12688
12689
12694
12698
12698
12701
12707
12710
12754
12758
12759
12765
12793
12801
12809
12823
12859
12870
12877
12883
12904
12913
12915
12927
12940
12946
12959
12966
13006
13010
13063
13069
13076
13076
13088
13101
13102
13106
13115
13141
13154
13159
13179
13191
13192
13193
13211
13219
13220
13228
13230
13272
13280
13289
13324
13336
13342
13345
13359
13393
13396
13416
13444
13466
13468
13472
13473
13509
13530
13549
13555
13559
13568
13580
13598
13605
13628
13665
13668
13681
13699
13708
13729
13761
13762
13764
13766
13786
13800
13822
13835
13855
13864
13869
13880
13918
13938
13953
13954
13991
14013
14014
14019
14024
14037
14072
14084
14091
14097
14098
14104
14106
14118
14156
14206
14214
14216
14248
14292
14295
14345
14347
14359
14364
14381
14418
14441
14453
14474
14476
14478
14540
14544
14562
14604
14640
14708
14739
14752
14755
14758
14758
14770
14817
14821
14823
14826
14840
14841
14872
14878
14885
14908
14916
14925
14951
14972
14976
14983
14991
14996
15002
15009
15010
15072
15089
15107
15142
15147
15161
15185
15210
15221
15259
15266
15280
15284
15297
15313
15339
15348
15349
15353
15361
15421
15436
15438
15446
15476
15488
15495
15659
15665
15681
15688
15691
15724
15730
15739
15746
15752
15753
15797
15803
15829
15878
15916
15928
15980
15991
15997
16011
16045
16054
16073
16097
16117
16119
16119
16120
16128
16171
16179
16197
16198
16203
16206
16213
16265
16272
16287
16297
16329
16331
16371
16380
16387
16410
16465
16471
16508
16550
16573
16579
16582
16621
16650
16653
16655
16665
16672
16677
16687
16687
16696
16706
16714
16749
16752
16753
16754
16763
16771
16797
16824
16828
16866
16896
16921
16925
16926
16982
16982
16984
16991
17011
17022
17048
17100
17120
17135
17143
17152
17168
17175
17182
17196
17198
17208
17210
17235
17249
17281
17285
17295
17311
17314
17316
17324
17335
17345
17372
17375
17376
17390
17391
17413
17464
17486
17489
17499
17507
17522
17525
17529
17549
17556
17577
17595
17597
17603
17619
17626
17651
17673
17701
17702
17710
17713
17716
17730
17732
17733
17766
17777
17782
17784
17809
17810
17848
17865
17875
17875
17913
17915
17916
17929
17931
17949
17977
17986
18006
18025
18099
18105
18146
18148
18161
18162
18180
18185
18222
18225
18251
18253
18265
18297
18338
18357
18365
18366
18407
18419
18426
18430
18448
18465
18470
18475
18476
18481
18487
18490
18510
18525
18526
18536
18540
18540
18574
18575
18616
18616
18619
18687
18689
18698
18698
18705
18712
18752
18766
18769
18782
18810
18831
18836
18901
18925
18971
19014
19016
19025
19047
19082
19123
19128
19128
19138
19200
19204
19208
19210
19215
19215
19241
19258
19267
19278
19282
19304
19345
19408
19420
19433
19470
19476
19486
19492
19498
19508
19511
19549
19555
19558
19573
19574
19574
19589
19590
19594
19610
19623
19637
19654
19665
19681
19721
19722
19728
19742
19744
19757
19784
19839
19845
19849
19876
19925
19925
19929
19929
19931
19940
19967
19988
19991
19999
20007
20033
20045
20055
20058
20075
20078
20083
20145
20159
20185
20194
20200
20201
20213
20223
20253
20267
20268
20305
20323
20351
20364
20366
20390
20398
20405
20413
20442
20445
20459
20461
20467
20468
20481
20498
20504
20544
20545
20547
20555
20559
20590
20592
20616
20630
20637
20661
20671
20695
20717
20727
20733
20744
20750
20755
20768
20777
20799
20802
20822
20853
20871
20880
20912
20912
20930
20987
21032
21032
21041
21046
21061
21099
21135
21137
21141
21164
21178
21180
21181
21220
21221
21227
21243
21247
21285
21286
21287
21304
21356
21356
21371
21378
21397
21412
21428
21431
21439
21445
21458
21483
21489
21553
21577
21599
21604
21611
21612
21616
21618
21631
21645
21670
21705
21719
21729
21736
21736
21771
21818
21825
21825
21837
21844
21851
21860
21870
21874
21899
21922
21924
21935
21940
21958
21980
21984
21988
21995
22021
22025
22055
22068
22150
22152
22153
22155
22157
22165
22167
22177
22183
22184
22207
22223
22238
22250
22259
22314
22321
22347
22355
22365
22398
22401
22415
22428
22439
22439
22442
22459
22460
22486
22511
22538
22553
22581
22586
22591
22647
22658
22660
22665
22666
22683
22686
22710
22719
22720
22749
22788
22808
22821
22822
22825
22826
22834
22859
22865
22872
22895
22914
22949
22951
22957
22958
22974
22975
22983
23024
23030
23036
23040
23056
23083
23096
23099
23107
23113
23127
23144
23149
23156
23169
23197
23201
23203
23204
23239
23244
23252
23262
23264
23267
23269
23294
23316
23317
23332
23362
23373
23407
23411
23427
23429
23453
23455
23485
23508
23512
23520
23525
23527
23532
23544
23544
23549
23578
23581
23582
23584
23587
23651
23668
23669
23687
23698
23724
23740
23741
23747
23788
23792
23795
23824
23840
23845
23856
23862
23868
23913
23922
23928
23952
23954
23954
23970
23984
23998
23999
24009
24024
24028
24062
24091
24111
24120
24143
24147
24174
24226
24229
24231
24252
24253
24286
24315
24323
24348
24352
24390
24400
24408
24427
24436
24483
24485
24486
24499
24532
24532
24546
24557
24569
24573
24587
24590
24617
24621
24622
24633
24633
24643
24645
24649
24672
24686
24712
24724
24727
24743
24766
24780
24849
24854
24855
24855
24901
24924
24948
24998
25004
25046
25046
25070
25088
25113
25118
25124
25127
25179
25190
25237
25260
25278
25278
25301
25304
25372
25379
25453
25453
25467
25492
25498
25528
25546
25578
25588
25631
25634
25678
25691
25696
25709
25719
25732
25750
25757
25794
25797
25804
25805
25809
25810
25845
25858
25862
25867
25894
25904
25906
25909
25916
25922
25939
25955
25966
26004
26030
26031
26046
26083
26094
26113
26123
26128
26140
26179
26180
26199
26200
26210
26217
26236
26331
26341
26360
26360
26388
26401
26442
26486
26494
26504
26516
26538
26558
26607
26624
26645
26649
26657
26670
26716
26784
26829
26842
26842
26875
26879
26925
26939
26980
26986
27001
27062
27074
27077
27087
27088
27131
27136
27150
27172
27214
27220
27222
27226
27232
27240
27251
27268
27270
27272
27280
27285
27286
27292
27338
27343
27356
27372
27441
27461
27477
27488
27502
27503
27512
27542
27549
27559
27559
27560
27566
27572
27574
27580
27614
27634
27679
27681
27685
27687
27699
27705
27709
27713
27723
27767
27811
27823
27849
27853
27881
27905
27912
27940
27994
28005
28017
28017
28050
28054
28078
28083
28111
28137
28228
28262
28264
28269
28270
28281
28288
28309
28322
28332
28335
28343
28346
28369
28419
28428
28450
28451
28453
28465
28487
28501
28504
28514
28523
28547
28548
28552
28566
28610
28626
28681
28706
28729
28746
28790
28800
28802
28823
28824
28872
28919
28964
28975
29016
29046
29071
29082
29118
29131
29141
29201
29217
29246
29255
29257
29273
29288
29297
29341
29353
29399
29408
29424
29426
29431
29467
29481
29484
29486
29531
29550
29567
29580
29581
29585
29658
29675
29705
29731
29749
29755
29756
29782
29791
29827
29844
29850
29862
29862
29875
29877
29884
29885
29902
29969
29992
30005
30016
30038
30042
30056
30057
30061
30069
30096
30097
30124
30129
30133
30145
30152
30152
30159
30200
30205
30221
30230
30236
30236
30253
30267
30284
30300
30304
30307
30308
30342
30344
30397
30406
30442
30445
30455
30462
30468
30468
30470
30473
30504
30511
30516
30529
30531
30554
30555
30561
30563
30576
30579
30591
30598
30600
30611
30616
30620
30638
30640
30645
30676
30676
30715
30720
30737
30786
30808
30838
30848
30849
30904
30944
30959
30968
30983
30988
30988
31003
31008
31014
31017
31036
31040
31044
31046
31064
31112
31112
31166
31171
31200
31215
31246
31260
31265
31315
31354
31362
31409
31435
31441
31451
31470
31478
31482
31492
31494
31499
31507
31577
31594
31596
31597
31608
31613
31647
31651
31654
31674
31699
31723
31745
31752
31758
31764
31795
31843
31850
31868
31885
31893
31922
31940
31979
31992
31992
32067
32068
32071
32080
32099
32164
32183
32184
32190
32190
32204
32204
32208
32249
32263
32274
32284
32295
32309
32314
32315
32320
32327
32329
32342
32376
32396
32400
32401
32433
32446
32453
32462
32474
32480
32484
32489
32491
32527
32584
32593
32595
32602
32617
32643
32675
32713
32731
32740
32758
32772
32797
32818
32827
32850
32868
32890
32901
32932
32935
32981
32982
32985
33030
33036
33056
33063
33066
33078
33084
33097
33120
33130
33132
33148
33164
33185
33204
33206
33212
33216
33217
33254
33256
33260
33272
33276
33278
33291
33310
33318
33331
33332
33336
33354
33355
33369
33417
33423
33436
33438
33445
33449
33454
33477
33478
33489
33546
33580
33589
33613
33616
33616
33644
33686
33704
33709
33710
33742
33743
33745
33768
33769
33780
33786
33789
33791
33795
33826
33837
33851
33870
33884
33905
33949
34034
34036
34042
34090
34102
34178
34205
34226
34253
34258
34275
34282
34286
34334
34361
34365
34370
34379
34395
34403
34416
34422
34432
34437
34439
34457
34478
34480
34494
34528
34530
34530
34548
34555
34596
34597
34599
34600
34607
34654
34699
34714
34716
34776
34797
34807
34808
34839
34849
34913
34947
34951
34952
34956
34979
34985
35013
35025
35051
35083
35095
35096
35100
35139
35142
35146
35177
35179
35181
35244
35254
35259
35281
35294
35305
35306
35311
35319
35323
35351
35373
35380
35381
35388
35392
35405
35432
35443
35448
35457
35494
35496
35507
35513
35531
35544
35555
35562
35573
35575
35603
35607
35623
35637
35657
35707
35724
35737
35768
35769
35855
35859
35869
35875
35881
35917
35940
35942
35964
35979
35987
36020
36021
36051
36061
36074
36103
36153
36198
36205
36238
36253
36284
36306
36327
36331
36338
36382
36384
36410
36421
36465
36469
36491
36524
36539
36540
36552
36558
36561
36572
36580
36620
36641
36656
36667
36671
36676
36681
36684
36687
36690
36698
36705
36713
36723
36726
36733
36748
36756
36756
36775
36779
36810
36812
36813
36813
36827
36829
36870
36881
36885
36887
36932
36943
36963
36980
36980
36997
37043
37057
37065
37077
37146
37175
37176
37203
37222
37235
37252
37261
37270
37287
37296
37335
37338
37358
37378
37379
37380
37383
37386
37408
37440
37441
37446
37453
37465
37511
37533
37580
37599
37618
37644
37666
37676
37679
37685
37690
37695
37711
37742
37743
37746
37762
37794
37797
37809
37811
37820
37830
37857
37859
37899
37921
37947
37950
38020
38062
38064
38064
38069
38071
38084
38113
38114
38115
38121
38126
38142
38155
38176
38195
38200
38225
38229
38234
38256
38261
38264
38271
38285
38293
38320
38323
38331
38334
38342
38353
38369
38374
38396
38406
38415
38417
38423
38473
38482
38484
38544
38569
38584
38594
38595
38613
38615
38615
38649
38703
38712
38735
38738
38738
38742
38744
38760
38784
38790
38794
38806
38870
38901
38924
38936
38938
38945
38946
38954
38985
38994
38998
39001
39010
39040
39088
39124
39136
39151
39163
39163
39168
39186
39208
39230
39249
39254
39256
39287
39303
39321
39328
39334
39369
39408
39433
39447
39456
39472
39472
39482
39494
39517
39550
39573
39628
39666
39667
39670
39672
39674
39703
39713
39727
39759
39767
39795
39809
39813
39849
39853
39855
39879
39884
39901
39911
39931
39957
39965
39975
39997
40001
40007
40010
40010
40019
40039
40055
40060
40063
40080
40086
40087
40105
40108
40126
40152
40169
40197
40199
40224
40246
40280
40294
40295
40313
40331
40360
40385
40407
40426
40427
40427
40428
40450
40473
40482
40489
40499
40502
40514
40546
40557
40558
40565
40567
40571
40603
40665
40671
40692
40774
40788
40798
40798
40813
40819
40821
40822
40841
40879
40888
40893
40900
40905
40909
40930
40948
40972
40977
40992
40997
41006
41008
41029
41041
41047
41059
41085
41103
41161
41162
41187
41196
41207
41221
41228
41238
41257
41270
41294
41299
41304
41325
41344
41357
41365
41386
41395
41406
41411
41433
41442
41454
41466
41500
41517
41526
41528
41528
41542
41549
41565
41568
41586
41615
41618
41626
41643
41670
41680
41680
41693
41715
41730
41857
41875
41884
41885
41899
41911
41914
41919
41948
41949
41969
41983
41984
41984
41990
41991
41994
42000
42015
42025
42033
42043
42053
42056
42071
42101
42104
42126
42130
42151
42156
42168
42178
42180
42202
42229
42305
42341
42368
42381
42400
42406
42441
42453
42459
42463
42513
42529
42555
42565
42569
42573
42574
42595
42624
42628
42642
42650
42652
42654
42682
42692
42699
42765
42794
42813
42816
42831
42838
42843
42911
42934
42945
42955
42969
42974
42981
42996
43002
43015
43018
43038
43058
43088
43123
43124
43128
43141
43142
43148
43148
43162
43165
43168
43185
43255
43278
43285
43293
43309
43329
43360
43397
43400
43423
43444
43446
43492
43500
43511
43622
43623
43631
43647
43649
43650
43669
43674
43699
43702
43704
43712
43713
43717
43722
43728
43740
43758
43772
43774
43801
43817
43824
43851
43860
43877
43884
43897
43900
43913
43921
43942
43994
43997
44004
44007
44026
44067
44078
44084
44085
44093
44129
44132
44139
44146
44155
44167
44169
44244
44246
44246
44247
44248
44270
44272
44298
44319
44329
44330
44357
44369
44372
44388
44412
44413
44419
44465
44482
44486
44488
44523
44524
44531
44570
44618
44620
44650
44656
44663
44678
44691
44765
44795
44799
44802
44820
44834
44855
44865
44873
44928
44934
44935
44940
45041
45073
45074
45121
45141
45164
45168
45169
45174
45182
45224
45238
45252
45268
45271
45284
45312
45330
45333
45346
45389
45411
45412
45413
45414
45415
45447
45452
45467
45477
45493
45502
45506
45515
45524
45538
45553
45563
45618
45619
45632
45636
45663
45674
45703
45714
45768
45775
45780
45807
45823
45876
45915
45927
45949
45990
45996
46018
46027
46037
46041
46042
46047
46055
46057
46058
46060
46090
46113
46115
46119
46139
46146
46152
46152
46176
46189
46199
46200
46223
46227
46234
46235
46260
46263
46289
46323
46343
46393
46405
46408
46415
46426
46446
46457
46494
46521
46521
46588
46612
46668
46673
46677
46681
46692
46695
46705
46735
46741
46746
46768
46789
46798
46808
46824
46831
46834
46848
46870
46882
46886
46916
46918
46921
46953
46962
46963
46979
46991
46995
47007
47087
47089
47162
47169
47176
47198
47209
47217
47220
47268
47285
47308
47325
47363
47387
47395
47397
47414
47446
47503
47516
47517
47522
47523
47543
47556
47567
47570
47572
47582
47584
47611
47618
47621
47683
47685
47693
47693
47700
47719
47736
47855
47857
47873
47916
47939
47951
47993
48040
48042
48043
48057
48071
48075
48079
48089
48116
48120
48125
48143
48151
48158
48162
48163
48182
48220
48222
48231
48272
48279
48285
48335
48341
48349
48351
48356
48361
48362
48366
48387
48422
48440
48443
48514
48536
48561
48586
48595
48606
48623
48629
48653
48664
48666
48694
48726
48739
48744
48756
48758
48774
48781
48829
48832
48843
48853
48862
48869
48878
48884
48900
48917
48933
48952
48965
48969
48969
48974
49018
49048
49060
49086
49089
49117
49127
49134
49141
49155
49166
49184
49197
49205
49214
49240
49254
49261
49295
49297
49327
49330
49340
49342
49357
49364
49371
49407
49437
49452
49460
49460
49487
49543
49544
49547
49547
49551
49591
49592
49604
49628
49633
49657
49680
49682
49684
49693
49694
49724
49724
49736
49744
49755
49778
49778
49799
49817
49825
49827
49878
49881
49881
49884
49891
49909
49924
49929
49993
50005
50029
50071
50081
50094
50104
50107
50115
50123
50197
50223
50229
50243
50261
50271
50287
50289
50301
50304
50305
50309
50316
50320
50330
50331
50341
50348
50361
50395
50402
50409
50453
50454
50471
50536
50549
50571
50594
50607
50632
50634
50645
50718
50735
50757
50792
50811
50814
50834
50854
50883
50932
50943
50956
50984
51010
51042
51064
51065
51073
51092
51123
51123
51154
51194
51219
51237
51248
51261
51275
51276
51283
51284
51326
51333
51334
51339
51357
51375
51390
51401
51428
51429
51442
51464
51474
51487
51502
51548
51566
51593
51604
51621
51637
51642
51650
51678
51686
51716
51720
51728
51743
51753
51761
51777
51781
51797
51799
51812
51876
51879
51890
51930
51931
51931
51938
51951
51954
51971
51972
52006
52036
52040
52041
52066
52071
52071
52106
52135
52157
52158
52175
52199
52210
52222
52224
52232
52236
52236
52259
52264
52294
52297
52312
52312
52351
52357
52434
52450
52455
52461
52470
52472
52498
52504
52504
52515
52521
52522
52542
52636
52646
52665
52685
52714
52728
52741
52765
52767
52776
52777
52780
52788
52797
52818
52844
52845
52852
52869
52873
52909
52953
52999
53041
53063
53084
53093
53102
53118
53118
53123
53142
53164
53164
53166
53175
53176
53201
53263
53268
53309
53314
53319
53350
53352
53391
53394
53395
53435
53436
53474
53510
53532
53539
53550
53566
53600
53602
53604
53630
53630
53680
53688
53705
53714
53778
53784
53810
53814
53859
53859
53862
53864
53875
53897
53932
53934
53953
53981
53997
54035
54053
54054
54058
54064
54073
54093
54096
54121
54131
54133
54136
54142
54146
54151
54155
54182
54217
54224
54232
54239
54247
54253
54278
54284
54293
54294
54296
54315
54315
54330
54346
54348
54363
54419
54433
54439
54440
54455
54490
54507
54514
54533
54541
54564
54604
54624
54636
54656
54658
54680
54680
54702
54709
54713
54725
54769
54784
54794
54804
54820
54829
54851
54871
54897
54898
54901
54918
54923
54931
54950
54950
54951
54966
54978
54983
54983
55003
55018
55020
55020
55031
55031
55055
55060
55061
55063
55076
55086
55094
55114
55144
55154
55163
55206
55239
55266
55274
55279
55283
55324
55330
55340
55367
55369
55383
55426
55448
55458
55458
55508
55543
55557
55560
55576
55630
55632
55683
55688
55698
55734
55749
55766
55805
55843
55849
55857
55867
55928
55928
55931
55935
55945
55970
55973
55991
56004
56008
56017
56021
56021
56022
56023
56025
56027
56042
56057
56089
56096
56112
56162
56179
56181
56194
56200
56211
56218
56219
56258
56281
56304
56309
56334
56334
56335
56359
56360
56405
56422
56445
56477
56492
56522
56557
56574
56583
56604
56605
56631
56635
56696
56707
56735
56780
56781
56788
56790
56795
56800
56810
56863
56868
56891
56898
56904
56912
56920
56924
56947
56959
56972
56985
56993
57002
57011
57052
57064
57072
57092
57108
57115
57124
57130
57155
57162
57196
57269
57289
57299
57302
57311
57327
57361
57382
57405
57423
57430
57441
57448
57470
57471
57477
57494
57497
57499
57506
57557
57565
57569
57575
57582
57594
57613
57622
57624
57669
57670
57687
57707
57710
57717
57721
57724
57738
57748
57748
57789
57821
57858
57897
57897
57899
57933
57986
57991
57991
58018
58026
58065
58071
58074
58102
58113
58115
58117
58119
58127
58192
58229
58254
58267
58288
58298
58309
58333
58347
58382
58387
58421
58426
58450
58463
58468
58469
58480
58483
58561
58569
58598
58624
58648
58649
58657
58666
58707
58707
58719
58761
58798
58828
58837
58854
58865
58883
58883
58927
58938
58950
58999
59006
59019
59021
59036
59042
59056
59064
59066
59080
59105
59115
59132
59153
59185
59208
59220
59239
59240
59251
59256
59339
59341
59349
59354
59379
59392
59405
59412
59423
59427
59429
59446
59453
59473
59474
59523
59528
59549
59579
59581
59581
59583
59583
59597
59625
59634
59638
59654
59681
59716
59718
59729
59733
59758
59766
59772
59794
59820
59825
59846
59892
59895
59920
59938
59949
59976
60008
60050
60053
60075
60084
60101
60103
60109
60110
60124
60135
60222
60237
60267
60274
60292
60304
60310
60328
60333
60335
60341
60343
60371
60382
60395
60415
60433
60458
60463
60480
60482
60506
60509
60513
60514
60532
60580
60599
60608
60609
60611
60619
60620
60620
60631
60671
60675
60681
60700
60712
60718
60719
60723
60746
60756
60797
60811
60818
60838
60874
60886
60897
60918
60936
60971
60974
60975
60983
61052
61073
61079
61083
61087
61097
61100
61120
61122
61135
61154
61156
61157
61166
61176
61192
61202
61222
61225
61232
61236
61238
61239
61247
61270
61287
61291
61337
61340
61372
61374
61398
61411
61431
61441
61443
61452
61475
61481
61571
61594
61600
61622
61625
61648
61668
61670
61731
61740
61741
61744
61748
61752
61762
61766
61777
61778
61788
61788
61791
61811
61832
61836
61836
61844
61844
61864
61925
61929
62005
62015
62025
62096
62109
62138
62184
62195
62197
62253
62283
62322
62333
62358
62360
62382
62391
62442
62446
62493
62523
62534
62564
62568
62571
62572
62592
62617
62617
62640
62662
62663
62690
62701
62784
62808
62812
62817
62822
62890
62898
62914
62958
62972
62986
62989
63004
63049
63051
63078
63100
63159
63269
63269
63271
63281
63281
63284
63290
63327
63335
63336
63346
63366
63381
63386
63398
63406
63428
63486
63508
63526
63532
63557
63558
63565
63582
63584
63601
63607
63624
63629
63653
63663
63674
63698
63715
63726
63727
63731
63764
63774
63783
63813
63865
63880
63914
63922
63933
63950
63970
63973
63994
64005
64014
64015
64037
64065
64065
64079
64089
64104
64117
64140
64169
64181
64264
64284
64288
64293
64304
64306
64343
64354
64387
64431
64474
64505
64509
64525
64534
64562
64562
64570
64573
64574
64576
64590
64597
64603
64621
64623
64626
64651
64674
64676
64680
64686
64697
64727
64743
64773
64796
64810
64813
64820
64829
64871
64882
64910
64912
64918
64943
64946
64965
65001
65023
65048
65132
65133
65142
65159
65160
65173
65197
65200
65206
65220
65234
65236
65244
65260
65284
65286
65289
65327
65334
65342
65346
65348
65365
65382
65390
65418
65443
65446
65456
65462
65468
65476
65487
65507
65531
65546
65553
65572
65578
65589
65592
65592
65600
65601
65602
65631
65636
65680
65698
65702
65709
65732
65734
65776
65783
65790
65823
65825
65834
65839
65850
65860
65892
65906
65941
65953
65965
65998
66006
66036
66040
66061
66077
66088
66104
66108
66122
66166
66187
66188
66190
66205
66239
66239
66239
66253
66259
66270
66279
66324
66325
66327
66335
66368
66381
66382
66453
66456
66475
66475
66482
66485
66485
66488
66491
66494
66507
66511
66516
66516
66527
66544
66545
66552
66552
66555
66557
66565
66584
66603
66611
66617
66628
66643
66646
66693
66715
66739
66748
66772
66774
66781
66791
66799
66811
66849
66854
66887
66893
66897
66899
66899
66939
66940
66952
66953
66994
67026
67064
67115
67116
67122
67123
67137
67156
67170
67189
67200
67231
67235
67259
67262
67276
67278
67281
67303
67332
67340
67345
67355
67371
67381
67415
67419
67439
67451
67471
67483
67494
67514
67519
67528
67544
67548
67578
67598
67614
67621
67647
67668
67683
67727
67765
67771
67775
67778
67782
67784
67830
67868
67886
67927
67948
67951
67965
68001
68013
68022
68041
68064
68067
68068
68087
68089
68101
68202
68210
68234
68246
68285
68292
68296
68326
68334
68337
68397
68409
68435
68441
68448
68456
68471
68549
68592
68595
68600
68605
68629
68656
68669
68673
68692
68698
68718
68741
68760
68780
68788
68809
68815
68823
68826
68837
68862
68871
68871
68875
68884
68890
68892
68901
68910
68910
68983
69009
69024
69039
69064
69093
69100
69103
69115
69124
69129
69132
69158
69186
69188
69199
69223
69238
69239
69243
69246
69246
69266
69281
69288
69331
69334
69336
69346
69364
69387
69424
69427
69434
69436
69474
69485
69497
69509
69523
69579
69594
69637
69652
69653
69691
69699
69751
69760
69784
69835
69837
69869
69895
69906
69916
69917
69918
69931
69935
69951
69955
69977
69994
70022
70031
70060
70063
70068
70071
70073
70092
70111
70115
70120
70133
70141
70154
70161
70179
70192
70199
70206
70220
70232
70242
70257
70263
70291
70304
70356
70368
70374
70380
70381
70395
70405
70435
70436
70452
70456
70466
70480
70489
70543
70561
70580
70588
70602
70653
70676
70679
70691
70699
70703
70724
70732
70751
70754
70763
70836
70839
70848
70853
70862
70884
70944
70963
70986
71021
71028
71029
71037
71047
71053
71070
71093
71144
71144
71166
71243
71251
71255
71261
71263
71281
71308
71345
71359
71382
71387
71401
71455
71456
71475
71476
71481
71495
71524
71538
71571
71588
71600
71602
71631
71639
71658
71658
71666
71710
71718
71732
71738
71790
71799
71847
71854
71854
71865
71881
71915
71968
71996
72023
72038
72044
72083
72098
72100
72143
72150
72158
72160
72187
72188
72226
72246
72251
72256
72256
72287
72302
72332
72342
72344
72350
72358
72361
72377
72388
72412
72424
72428
72521
72522
72541
72550
72551
72575
72576
72577
72578
72579
72588
72607
72613
72625
72655
72659
72660
72692
72693
72694
72699
72787
72818
72839
72848
72854
72857
72858
72869
72909
72917
72927
72930
72938
72945
72953
72957
72996
72997
73016
73018
73052
73078
73079
73136
73138
73182
73183
73191
73211
73252
73261
73291
73316
73317
73337
73346
73351
73371
73388
73394
73429
73431
73432
73464
73469
73482
73484
73500
73505
73513
73538
73550
73559
73565
73579
73591
73600
73616
73703
73758
73764
73767
73784
73894
73909
73911
73916
73939
73954
73955
73964
73979
73982
74007
74016
74037
74039
74044
74046
74056
74082
74089
74132
74136
74138
74155
74158
74159
74164
74193
74232
74236
74266
74273
74287
74298
74321
74337
74383
74393
74410
74416
74449
74485
74494
74510
74517
74536
74538
74540
74555
74581
74588
74593
74598
74638
74640
74650
74658
74706
74770
74789
74795
74796
74798
74824
74825
74830
74837
74839
74849
74861
74877
74892
74896
74898
74900
74959
74964
74969
74974
74990
75037
75085
75140
75172
75183
75185
75203
75214
75219
75230
75274
75298
75299
75305
75311
75332
75343
75383
75386
75400
75406
75406
75414
75463
75473
75482
75567
75573
75575
75599
75604
75613
75621
75646
75662
75708
75730
75737
75743
75753
75764
75781
75793
75814
75843
75859
75868
75898
75945
75964
75969
75980
76007
76021
76034
76048
76053
76165
76229
76281
76298
76343
76343
76356
76358
76389
76391
76395
76400
76404
76406
76419
76444
76460
76463
76476
76500
76500
76540
76561
76565
76568
76572
76589
76597
76602
76620
76620
76621
76668
76726
76732
76758
76773
76798
76828
76829
76851
76853
76853
76866
76911
76919
76930
76969
77007
77024
77053
77064
77114
77119
77148
77153
77156
77180
77192
77194
77210
77218
77219
77219
77227
77239
77249
77260
77296
77302
77337
77341
77354
77375
77375
77413
77414
77417
77440
77460
77488
77500
77553
77581
77647
77657
77676
77683
77700
77706
77722
77749
77760
77767
77771
77794
77802
77820
77827
77829
77852
77856
77856
77869
77869
77879
77891
77906
77909
77929
77932
77957
77964
77986
77987
77999
78050
78097
78104
78120
78130
78135
78140
78144
78173
78173
78175
78189
78203
78247
78251
78269
78283
78293
78314
78322
78322
78363
78389
78409
78411
78418
78430
78441
78471
78473
78499
78504
78507
78513
78531
78538
78554
78561
78585
78594
78664
78681
78683
78699
78756
78781
78784
78806
78820
78869
78881
78891
78918
78965
78982
78997
79008
79027
79049
79053
79058
79081
79106
79107
79119
79130
79162
79192
79198
79208
79214
79236
79242
79264
79268
79272
79287
79290
79319
79324
79341
79366
79375
79389
79401
79406
79420
79434
79434
79444
79456
79469
79491
79530
79536
79547
79558
79563
79606
79626
79631
79682
79686
79716
79718
79724
79730
79733
79735
79745
79745
79748
79758
79761
79810
79811
79834
79858
79866
79881
79951
79971
79972
79973
79983
80002
80054
80093
80113
80114
80115
80123
80166
80196
80201
80224
80243
80244
80246
80261
80305
80331
80336
80338
80344
80359
80384
80395
80422
80439
80482
80486
80490
80492
80512
80525
80545
80624
80639
80671
80673
80684
80697
80700
80751
80773
80783
80803
80806
80815
80853
80864
80870
80897
80897
80912
80922
80941
80951
80964
80982
81002
81003
81013
81064
81070
81089
81102
81113
81114
81170
81221
81234
81244
81264
81274
81275
81280
81301
81314
81317
81319
81323
81329
81357
81412
81419
81421
81452
81459
81460
81470
81475
81491
81518
81528
81536
81544
81547
81549
81552
81557
81559
81588
81589
81613
81635
81638
81652
81653
81705
81726
81742
81864
81864
81878
81895
81898
81900
81936
81952
81958
81962
81986
82016
82039
82072
82074
82121
82128
82128
82148
82170
82173
82175
82197
82202
82205
82219
82230
82252
82274
82277
82300
82353
82361
82370
82375
82407
82411
82431
82435
82437
82439
82439
82446
82451
82467
82505
82512
82516
82532
82548
82578
82589
82597
82608
82652
82671
82677
82679
82721
82732
82748
82749
82767
82790
82793
82815
82870
82880
82889
82906
82930
82931
82933
82945
82945
82950
82954
82963
82965
82977
82995
83012
83015
83017
83043
83061
83073
83075
83076
83086
83091
83115
83119
83121
83149
83197
83228
83297
83297
83322
83353
83419
83434
83441
83443
83472
83473
83510
83569
83576
83582
83585
83593
83607
83622
83685
83688
83706
83716
83718
83726
83746
83766
83770
83787
83870
83877
83880
83890
83907
83953
83968
83970
83996
84006
84015
84020
84024
84042
84096
84134
84159
84183
84185
84187
84211
84235
84239
84272
84333
84339
84348
84375
84421
84446
84457
84497
84510
84513
84552
84575
84576
84603
84629
84629
84670
84693
84702
84707
84741
84753
84763
84773
84806
84813
84838
84854
84878
84880
84942
84953
84964
84969
84986
84990
84993
85008
85021
85068
85092
85101
85116
85128
85136
85140
85174
85204
85263
85287
85293
85308
85335
85396
85408
85421
85439
85440
85442
85492
85514
85540
85564
85602
85640
85656
85694
85713
85763
85798
85803
85844
85847
85872
85899
85906
85995
86001
86006
86026
86040
86079
86087
86088
86092
86127
86142
86149
86160
86170
86191
86214
86247
86252
86279
86298
86303
86308
86316
86349
86359
86371
86422
86434
86436
86498
86528
86545
86557
86586
86587
86600
86605
86613
86621
86650
86663
86675
86689
86713
86812
86816
86818
86825
86835
86840
86844
86854
86857
86869
86870
86879
86880
86932
86933
86951
87005
87014
87020
87020
87026
87059
87065
87083
87085
87096
87118
87127
87131
87132
87133
87133
87179
87181
87204
87223
87227
87240
87302
87304
87308
87309
87313
87315
87325
87341
87345
87349
87375
87439
87474
87491
87499
87518
87519
87549
87583
87583
87587
87600
87620
87622
87650
87662
87671
87676
87676
87682
87700
87709
87730
87752
87838
87867
87883
87904
87907
87922
87944
87964
87976
87984
88026
88056
88089
88100
88101
88105
88105
88111
88114
88117
88117
88146
88147
88168
88214
88215
88216
88271
88273
88274
88277
88283
88292
88313
88349
88360
88375
88376
88380
88383
88387
88410
88421
88436
88455
88477
88484
88492
88495
88534
88536
88548
88575
88585
88648
88649
88651
88679
88710
88714
88719
88729
88756
88773
88793
88815
88845
88887
88892
88914
88917
88919
88924
88963
88975
88979
88998
89006
89011
89022
89031
89035
89049
89052
89075
89092
89132
89160
89173
89189
89192
89201
89221
89229
89241
89261
89265
89267
89270
89282
89333
89370
89388
89408
89422
89435
89438
89489
89513
89514
89530
89536
89570
89574
89574
89591
89592
89608
89624
89678
89684
89686
89696
89698
89700
89706
89737
89742
89766
89783
89792
89801
89827
89829
89843
89851
89852
89893
89918
89919
89927
89939
89944
89949
89970
89972
89993
89997
90027
90032
90032
90062
90071
90072
90083
90097
90104
90109
90136
90138
90144
90216
90230
90236
90247
90267
90273
90309
90321
90345
90372
90427
90429
90434
90464
90469
90488
90500
90509
90516
90580
90587
90590
90607
90614
90616
90670
90686
90688
90711
90744
90772
90775
90792
90796
90839
90901
90904
90935
90949
90953
90970
90984
91004
91028
91041
91041
91056
91076
91078
91081
91082
91105
91106
91127
91131
91138
91144
91154
91160
91222
91298
91323
91329
91332
91346
91387
91392
91404
91420
91431
91437
91441
91454
91515
91527
91542
91557
91557
91559
91573
91605
91621
91629
91642
91658
91681
91713
91723
91737
91739
91739
91765
91783
91819
91838
91861
91871
91889
91890
91896
91929
91934
91938
91999
92021
92022
92047
92089
92108
92116
92120
92120
92121
92163
92164
92168
92174
92310
92315
92341
92384
92395
92406
92419
92428
92455
92485
92492
92515
92534
92572
92581
92590
92597
92619
92625
92625
92643
92651
92653
92688
92709
92713
92732
92742
92743
92775
92805
92807
92815
92816
92831
92842
92861
92865
92867
92867
92908
92909
92913
92920
92946
92949
92962
92973
92973
93016
93016
93019
93020
93028
93035
93041
93049
93061
93076
93125
93145
93152
93176
93187
93196
93206
93223
93231
93235
93241
93248
93251
93267
93290
93292
93389
93394
93436
93454
93497
93515
93555
93557
93592
93610
93611
93612
93616
93625
93627
93639
93648
93655
93656
93663
93683
93685
93689
93707
93723
93776
93783
93784
93785
93785
93792
93831
93871
93882
93889
93889
93894
93896
93903
93912
93919
93935
93946
93965
93973
93984
93997
94011
94033
94038
94044
94056
94090
94103
94151
94162
94172
94187
94203
94275
94284
94285
94295
94315
94315
94319
94335
94336
94349
94376
94381
94388
94411
94468
94474
94498
94518
94521
94523
94523
94527
94539
94545
94558
94560
94576
94594
94605
94626
94645
94650
94663
94674
94675
94684
94701
94712
94715
94719
94725
94729
94743
94757
94775
94781
94801
94805
94864
94883
94960
94969
95021
95026
95034
95038
95075
95081
95083
95093
95096
95112
95115
95139
95145
95153
95177
95178
95197
95213
95247
95252
95266
95285
95302
95311
95346
95355
95366
95381
95416
95422
95425
95427
95431
95446
95447
95455
95470
95472
95472
95477
95480
95481
95485
95485
95511
95513
95522
95535
95552
95554
95573
95612
95615
95617
95664
95677
95693
95702
95726
95729
95778
95876
95912
95975
95993
96003
96008
96044
96102
96108
96152
96167
96199
96208
96256
96272
96282
96307
96336
96337
96359
96365
96383
96396
96445
96450
96462
96492
96504
96508
96528
96610
96612
96640
96640
96672
96674
96699
96722
96729
96738
96750
96764
96834
96867
96868
96889
96892
96956
96959
96962
96965
96966
96980
96987
97016
97064
97066
97072
97092
97099
97100
97127
97130
97155
97161
97174
97191
97191
97232
97235
97268
97292
97296
97297
97307
97312
97349
97375
97394
97405
97409
97420
97423
97463
97474
97477
97485
97496
97501
97543
97550
97551
97563
97573
97579
97579
97690
97703
97719
97731
97773
97808
97830
97834
97837
97854
97897
97912
97967
97987
98028
98029
98040
98058
98067
98090
98107
98147
98167
98215
98227
98261
98282
98306
98307
98308
98310
98310
98316
98326
98368
98369
98382
98389
98435
98456
98464
98464
98465
98471
98473
98478
98482
98484
98562
98585
98640
98645
98649
98668
98676
98686
98690
98708
98710
98734
98736
98737
98753
98755
98764
98787
98793
98812
98834
98875
98887
98890
98911
98990
99008
99040
99041
99045
99080
99091
99092
99115
99123
99127
99149
99174
99198
99278
99280
99284
99334
99335
99359
99382
99383
99385
99429
99437
99474
99477
99501
99555
99556
99572
99576
99597
99604
99608
99617
99618
99678
99683
99690
99697
99699
99713
99774
99797
99823
99835
99842
99861
99862
99870
99876
99886
99888
99906
99929
99948
99966
