4
5
53
79
83
98
102
135
164
186
188
188
190
309
311
340
340
343
357
368
429
474
486
553
595
598
605
619
632
633
641
653
654
660
684
687
706
706
711
732
773
777
784
788
816
841
855
865
900
905
939
944
979
983
984
1018
1021
1023
1033
1035
1038
1039
1041
1055
1078
1093
1141
1147
1156
1166
1200
1200
1215
1237
1245
1253
1259
1268
1282
1300
1304
1367
1377
1382
1430
1432
1494
1496
1501
1559
1583
1602
1604
1606
1638
1644
1665
1669
1678
1689
1705
1706
1727
1734
1770
1770
1821
1861
1869
1873
1880
1885
1895
1896
1898
1900
1944
1946
1947
1950
1975
1979
2015
2021
2053
2061
2071
2089
2092
2132
2146
2164
2166
2173
2200
2213
2214
2221
2230
2231
2240
2251
2274
2282
2302
2326
2330
2349
2382
2388
2397
2423
2447
2448
2460
2463
2496
2515
2530
2538
2551
2560
2568
2573
2620
2678
2690
2712
2738
2747
2760
2764
2775
2775
2786
2807
2830
2841
2889
2897
2923
2933
2954
2963
3000
3028
3038
3043
3048
3070
3097
3110
3114
3142
3156
3165
3176
3207
3212
3251
3254
3266
3268
3296
3300
3308
3315
3324
3331
3339
3341
3382
3411
3443
3485
3497
3509
3543
3548
3551
3561
3566
3601
3628
3642
3642
3658
3675
3677
3693
3734
3753
3756
3761
3777
3789
3815
3830
3831
3834
3867
3884
3887
3889
3928
3945
3955
3976
3981
4004
4004
4062
4082
4134
4136
4147
4154
4157
4158
4165
4167
4180
4183
4191
4209
4222
4243
4274
4276
4293
4308
4311
4315
4326
4364
4393
4410
4421
4421
4444
4474
4483
4484
4495
4500
4548
4575
4578
4587
4601
4644
4649
4651
4656
4666
4675
4693
4718
4735
4755
4770
4789
4797
4807
4839
4840
4851
4868
4870
4904
4909
4981
5011
5055
5063
5084
5087
5095
5104
5107
5109
5110
5121
5140
5146
5179
5185
5193
5195
5212
5227
5227
5249
5251
5255
5262
5271
5285
5295
5311
5329
5333
5353
5423
5435
5444
5469
5508
5515
5526
5555
5561
5567
5573
5620
5647
5714
5750
5787
5804
5845
5845
5863
5894
5895
5900
5922
5949
5954
5965
6018
6022
6057
6076
6080
6082
6095
6174
6176
6196
6203
6209
6212
6215
6238
6247
6294
6303
6315
6328
6331
6334
6353
6354
6359
6366
6372
6463
6476
6493
6503
6509
6519
6545
6556
6561
6625
6648
6661
6682
6708
6713
6719
6729
6735
6751
6755
6784
6801
6817
6836
6845
6855
6880
6883
6917
6921
6922
6922
6940
6948
6969
6974
7004
7008
7009
7012
7045
7067
7130
7140
7147
7154
7157
7164
7167
7205
7207
7213
7225
7228
7280
7285
7291
7294
7296
7302
7315
7317
7330
7333
7387
7394
7394
7399
7409
7418
7443
7445
7519
7561
7566
7573
7591
7599
7600
7619
7637
7644
7659
7661
7674
7683
7720
7744
7753
7756
7790
7792
7797
7800
7808
7815
7834
7838
7881
7894
7910
7923
7935
7955
8004
8043
8062
8062
8095
8097
8107
8124
8151
8155
8178
8184
8225
8228
8229
8230
8235
8248
8252
8284
8330
8352
8354
8357
8385
8392
8415
8442
8455
8461
8475
8484
8492
8508
8519
8521
8535
8568
8569
8574
8609
8622
8625
8640
8647
8680
8696
8700
8725
8736
8761
8771
8786
8796
8815
8827
8848
8873
8879
8881
8893
8898
8928
8951
8962
8993
9017
9026
9028
9037
9066
9087
9093
9100
9118
9123
9161
9183
9188
9249
9256
9319
9327
9327
9329
9338
9343
9358
9392
9415
9460
9482
9492
9511
9518
9568
9589
9600
9612
9623
9635
9636
9637
9654
9700
9702
9705
9705
9713
9731
9768
9780
9796
9818
9828
9836
9839
9842
9883
9938
9959
9970
9996
10005
10053
10063
10072
10075
10079
10087
10121
10135
10143
10167
10176
10191
10202
10204
10216
10237
10241
10281
10289
10308
10329
10344
10395
10403
10411
10445
10448
10481
10486
10491
10512
10516
10521
10524
10532
10536
10545
10554
10557
10590
10594
10625
10671
10710
10732
10755
10798
10818
10875
10882
10885
10922
10943
10951
10957
10975
10988
10988
11000
11004
11007
11017
11038
11057
11060
11062
11063
11076
11086
11109
11109
11112
11121
11136
11149
11197
11201
11210
11217
11251
11333
11343
11358
11409
11411
11417
11439
11445
11494
11511
11520
11526
11546
11547
11548
11575
11582
11628
11629
11632
11632
11636
11664
11674
11688
11689
11707
11707
11725
11726
11726
11730
11733
11769
11791
11830
11856
11918
11928
11941
11945
11961
11986
12015
12022
12033
12061
12070
12087
12091
12113
12117
12132
12139
12148
12149
12170
12175
12190
12190
12196
12202
12227
12247
12248
12251
12260
12275
12276
12278
12337
12365
12446
12470
12487
12572
12575
12608
12634
12667
12669
12682
12726
12733
12759
12760
12780
12787
12827
12827
12833
12839
12878
12904
12925
12938
12954
12961
12963
12972
12979
12981
12996
13003
13033
13121
13130
13162
13163
13182
13187
13201
13208
13219
13230
13235
13245
13252
13275
13281
13313
13326
13331
13333
13354
13365
13368
13370
13407
13409
13431
13462
13464
13484
13493
13508
13510
13589
13593
13596
13693
13698
13708
13727
13732
13756
13774
13799
13803
13805
13807
13813
13833
13880
13905
13949
13959
13992
13999
14012
14028
14033
14040
14046
14051
14079
14082
14104
14127
14130
14141
14141
14203
14204
14216
14217
14225
14227
14255
14257
14294
14322
14335
14339
14366
14396
14453
14465
14474
14491
14492
14548
14574
14609
14620
14624
14625
14626
14631
14635
14638
14653
14655
14656
14675
14683
14710
14729
14781
14793
14809
14809
14814
14824
14836
14842
14902
14902
14927
14938
14954
14979
14985
14989
14990
15024
15046
15054
15058
15065
15091
15093
15103
15133
15158
15217
15229
15232
15259
15261
15261
15267
15279
15299
15302
15321
15364
15364
15370
15422
15423
15449
15450
15463
15508
15529
15557
15559
15629
15637
15646
15651
15682
15734
15743
15752
15766
15773
15776
15777
15778
15781
15793
15795
15820
15830
15840
15852
15886
15897
15931
15941
15955
15991
16003
16017
16027
16029
16064
16066
16072
16082
16082
16086
16096
16108
16125
16144
16211
16224
16236
16241
16245
16246
16248
16251
16265
16275
16294
16306
16331
16348
16380
16384
16391
16396
16416
16422
16429
16454
16460
16465
16486
16494
16494
16507
16517
16518
16525
16527
16533
16544
16570
16595
16629
16632
16646
16666
16667
16683
16693
16694
16721
16789
16791
16818
16833
16872
16874
16878
16881
16896
16909
16923
16996
17033
17077
17083
17088
17099
17108
17119
17125
17128
17130
17144
17169
17171
17198
17219
17230
17239
17260
17264
17272
17298
17305
17346
17408
17416
17417
17432
17458
17476
17476
17481
17494
17494
17503
17533
17590
17594
17602
17603
17614
17622
17637
17652
17662
17672
17678
17702
17716
17770
17811
17812
17839
17850
17856
17856
17858
17861
17899
17900
17907
17910
17937
17967
17980
17990
17992
17996
18009
18016
18029
18049
18065
18078
18123
18133
18150
18151
18153
18175
18194
18201
18214
18235
18240
18248
18267
18270
18307
18322
18348
18394
18436
18437
18441
18446
18475
18503
18510
18523
18550
18554
18583
18583
18585
18615
18623
18624
18634
18660
18670
18675
18675
18680
18688
18708
18715
18720
18734
18735
18736
18746
18747
18757
18762
18801
18812
18828
18853
18866
18888
18906
18946
18956
18972
18975
18989
19014
19027
19129
19137
19165
19174
19198
19206
19233
19241
19246
19271
19293
19298
19311
19326
19328
19341
19369
19374
19397
19413
19420
19421
19430
19439
19458
19459
19492
19499
19519
19538
19580
19590
19590
19599
19619
19641
19663
19671
19676
19687
19695
19740
19758
19773
19786
19811
19815
19817
19822
19837
19838
19840
19853
19866
19872
19903
19910
19936
19975
20003
20016
20018
20024
20065
20087
20093
20113
20119
20135
20135
20201
20225
20225
20229
20254
20255
20343
20352
20372
20394
20428
20451
20470
20479
20483
20492
20494
20498
20504
20526
20598
20620
20641
20650
20662
20687
20725
20742
20798
20807
20807
20809
20813
20820
20883
20894
20908
20956
20960
20971
21010
21026
21055
21067
21089
21089
21091
21119
21122
21137
21246
21250
21260
21285
21313
21314
21330
21336
21338
21383
21389
21412
21429
21433
21451
21453
21481
21484
21487
21493
21521
21532
21534
21546
21548
21564
21567
21582
21609
21619
21623
21662
21669
21670
21678
21750
21755
21756
21769
21772
21806
21845
21851
21853
21875
21883
21886
21894
21933
21961
21967
21979
21984
22005
22022
22030
22057
22066
22087
22117
22118
22119
22122
22127
22216
22235
22302
22344
22351
22352
22362
22377
22394
22423
22424
22428
22436
22440
22462
22464
22479
22493
22494
22504
22507
22526
22548
22561
22567
22578
22583
22586
22603
22606
22629
22635
22657
22667
22668
22673
22687
22693
22700
22701
22712
22740
22787
22797
22883
22893
22903
22904
22908
22922
22927
22947
22951
23020
23037
23045
23089
23093
23113
23117
23132
23137
23179
23191
23194
23221
23230
23255
23257
23266
23267
23328
23348
23359
23373
23391
23395
23400
23402
23404
23427
23479
23485
23492
23509
23513
23522
23523
23532
23557
23561
23565
23588
23596
23615
23636
23666
23680
23681
23693
23705
23712
23751
23774
23777
23786
23830
23879
23886
23917
23934
23936
23939
23967
23973
23991
24000
24044
24045
24064
24074
24078
24092
24096
24122
24126
24170
24214
24239
24259
24291
24315
24315
24324
24412
24423
24425
24438
24447
24481
24484
24495
24505
24510
24574
24579
24585
24587
24596
24602
24612
24618
24647
24647
24660
24681
24689
24692
24693
24728
24732
24748
24751
24758
24773
24774
24791
24814
24828
24852
24879
24893
24932
24970
24975
25008
25009
25011
25026
25056
25085
25091
25173
25177
25178
25190
25209
25226
25245
25269
25308
25325
25338
25345
25352
25355
25372
25373
25402
25417
25439
25442
25457
25462
25470
25488
25492
25510
25517
25528
25560
25564
25578
25595
25598
25599
25618
25637
25649
25652
25652
25661
25680
25692
25731
25744
25758
25793
25806
25819
25851
25858
25879
25893
25912
25920
25922
25939
25955
25965
25974
25976
25976
26009
26017
26026
26040
26057
26063
26128
26154
26161
26177
26190
26227
26239
26241
26242
26274
26280
26319
26353
26397
26397
26429
26442
26444
26457
26555
26560
26571
26577
26579
26597
26609
26616
26672
26676
26680
26696
26698
26710
26717
26743
26754
26758
26791
26794
26798
26819
26820
26824
26845
26864
26868
26886
26916
26920
26932
26962
26988
27000
27021
27046
27065
27074
27106
27128
27157
27162
27167
27172
27183
27185
27188
27211
27238
27270
27273
27280
27298
27326
27331
27332
27339
27342
27343
27348
27351
27366
27371
27381
27400
27402
27415
27450
27454
27468
27488
27511
27512
27512
27556
27557
27573
27582
27594
27608
27614
27625
27635
27646
27649
27649
27658
27688
27702
27731
27743
27745
27751
27778
27778
27857
27867
27876
27877
27883
27889
27902
27933
27995
28026
28054
28086
28109
28130
28139
28240
28268
28309
28310
28330
28375
28383
28398
28432
28441
28473
28483
28488
28506
28516
28520
28521
28554
28563
28602
28608
28611
28626
28641
28651
28680
28692
28704
28713
28722
28726
28734
28747
28757
28801
28821
28863
28874
28874
28903
28918
28920
28948
28972
28979
28985
28999
29001
29033
29043
29070
29083
29134
29159
29171
29173
29174
29179
29204
29206
29214
29218
29224
29264
29271
29280
29314
29314
29322
29396
29411
29423
29436
29475
29477
29485
29488
29499
29511
29521
29528
29534
29548
29603
29603
29604
29621
29645
29646
29657
29679
29689
29721
29727
29746
29783
29796
29800
29801
29804
29845
29874
29909
29928
29968
29979
30034
30042
30062
30068
30077
30083
30133
30211
30211
30218
30236
30253
30257
30259
30293
30306
30351
30380
30420
30426
30474
30474
30477
30486
30522
30525
30570
30571
30630
30631
30638
30654
30679
30708
30746
30761
30780
30789
30796
30820
30851
30869
30887
30898
30941
31002
31016
31050
31071
31104
31124
31152
31152
31172
31188
31194
31199
31200
31209
31224
31231
31246
31266
31277
31296
31309
31325
31352
31357
31388
31391
31395
31395
31396
31416
31449
31463
31471
31480
31488
31493
31497
31505
31541
31556
31559
31597
31601
31618
31637
31640
31685
31685
31687
31730
31734
31765
31802
31818
31826
31836
31862
31870
31907
31913
31914
31935
31946
31961
31986
31989
31995
32007
32020
32035
32036
32046
32105
32157
32163
32183
32213
32227
32229
32234
32247
32258
32264
32269
32272
32288
32320
32363
32384
32400
32413
32444
32445
32468
32478
32480
32484
32488
32491
32494
32500
32500
32507
32541
32549
32569
32574
32612
32634
32637
32644
32644
32658
32696
32721
32725
32764
32764
32781
32788
32821
32851
32878
32883
32891
32895
32899
32905
32926
32935
32950
32961
32983
32995
32997
33000
33050
33063
33084
33087
33101
33126
33130
33143
33169
33174
33237
33253
33272
33275
33282
33287
33306
33321
33323
33325
33326
33371
33375
33378
33417
33419
33439
33439
33441
33447
33448
33454
33457
33458
33511
33520
33520
33523
33596
33599
33614
33620
33631
33636
33642
33643
33650
33661
33663
33668
33720
33729
33745
33750
33760
33763
33771
33780
33785
33800
33801
33824
33832
33841
33852
33896
33897
33910
33935
33939
33942
33954
33964
33967
33991
34023
34035
34041
34045
34071
34088
34100
34134
34136
34164
34171
34171
34174
34210
34221
34224
34254
34323
34334
34367
34372
34390
34435
34459
34466
34470
34480
34511
34528
34543
34568
34583
34600
34613
34616
34619
34646
34662
34666
34718
34727
34753
34757
34764
34767
34770
34774
34780
34809
34815
34829
34829
34839
34859
34868
34879
34896
34911
34922
34934
34976
35013
35018
35024
35032
35073
35075
35092
35099
35105
35126
35161
35163
35164
35168
35190
35204
35247
35248
35268
35275
35278
35280
35332
35341
35369
35393
35414
35420
35434
35471
35481
35485
35508
35514
35516
35531
35570
35616
35619
35621
35646
35662
35669
35672
35680
35681
35687
35706
35709
35724
35773
35787
35801
35848
35851
35852
35862
35866
35866
35876
35921
35921
35944
35948
35987
35991
35993
36026
36027
36049
36053
36065
36075
36091
36108
36124
36149
36149
36211
36225
36282
36294
36306
36334
36350
36402
36442
36483
36504
36516
36517
36519
36546
36548
36549
36566
36574
36705
36762
36768
36783
36796
36823
36842
36843
36844
36910
36914
36941
36953
36958
36975
37029
37052
37077
37077
37080
37095
37098
37103
37104
37142
37187
37198
37214
37247
37259
37262
37264
37272
37272
37277
37283
37294
37338
37368
37387
37448
37456
37472
37478
37494
37527
37529
37530
37546
37548
37553
37580
37592
37597
37600
37640
37703
37703
37717
37737
37741
37777
37800
37803
37809
37824
37846
37876
37899
37910
37931
37939
37939
37940
37955
37958
37960
37974
38004
38011
38044
38067
38076
38087
38100
38120
38121
38203
38220
38225
38250
38260
38262
38267
38271
38326
38362
38391
38403
38405
38412
38440
38482
38487
38501
38514
38557
38576
38578
38583
38584
38588
38602
38633
38661
38664
38666
38668
38678
38685
38698
38716
38724
38724
38757
38768
38772
38773
38776
38779
38789
38864
38892
38900
38927
38964
38969
38984
38988
39017
39019
39020
39096
39098
39106
39109
39131
39148
39169
39175
39209
39218
39223
39234
39242
39252
39277
39297
39302
39304
39305
39346
39366
39411
39430
39436
39445
39456
39485
39486
39492
39503
39508
39511
39513
39516
39545
39577
39581
39603
39605
39629
39645
39689
39708
39718
39721
39722
39727
39746
39752
39755
39760
39761
39803
39813
39820
39833
39871
39891
39893
39896
39899
39902
39937
39941
39987
39995
40040
40046
40125
40138
40158
40168
40187
40219
40222
40230
40232
40239
40247
40260
40286
40298
40304
40316
40331
40339
40340
40369
40375
40410
40427
40463
40472
40491
40503
40524
40536
40564
40612
40614
40661
40667
40684
40705
40720
40741
40745
40774
40776
40782
40783
40786
40826
40835
40893
40898
40932
40938
40940
40940
40952
40966
40980
40986
40997
40999
41027
41031
41032
41073
41096
41109
41122
41129
41139
41157
41159
41161
41166
41190
41196
41209
41236
41241
41254
41273
41303
41308
41321
41324
41345
41355
41368
41370
41394
41399
41430
41430
41438
41444
41453
41489
41493
41565
41569
41571
41574
41580
41581
41624
41624
41628
41654
41656
41703
41711
41732
41737
41752
41755
41769
41820
41821
41840
41870
41897
41901
41908
41912
41932
41964
41964
41995
42048
42057
42069
42077
42078
42080
42090
42094
42150
42158
42164
42170
42186
42194
42218
42226
42229
42282
42304
42314
42326
42353
42371
42376
42381
42388
42425
42430
42441
42444
42478
42490
42501
42507
42516
42531
42547
42550
42554
42563
42617
42633
42648
42649
42652
42656
42657
42664
42686
42694
42700
42704
42720
42724
42738
42738
42742
42843
42858
42907
42907
42934
42935
42955
42972
43002
43007
43014
43032
43073
43082
43089
43138
43151
43170
43173
43177
43178
43188
43193
43205
43206
43208
43219
43222
43246
43249
43273
43297
43304
43315
43327
43344
43373
43392
43396
43424
43431
43433
43442
43449
43467
43499
43500
43514
43569
43591
43599
43616
43636
43638
43643
43676
43677
43693
43696
43696
43703
43709
43734
43745
43747
43762
43793
43798
43800
43810
43816
43821
43826
43856
43865
43879
43894
43896
43897
43898
43917
43937
43968
43971
43984
44002
44030
44035
44053
44065
44116
44139
44143
44159
44166
44176
44190
44196
44208
44226
44235
44268
44302
44332
44338
44343
44343
44431
44442
44469
44470
44480
44489
44501
44502
44504
44546
44567
44570
44588
44588
44599
44611
44612
44620
44632
44632
44644
44656
44699
44733
44736
44755
44759
44761
44769
44785
44796
44835
44838
44857
44873
44884
44884
44895
44910
44914
44914
44924
44959
44967
44985
45031
45056
45090
45112
45127
45146
45156
45188
45200
45231
45240
45251
45255
45257
45258
45317
45323
45347
45362
45426
45451
45452
45453
45467
45479
45537
45537
45546
45593
45596
45616
45647
45654
45705
45727
45768
45770
45816
45833
45836
45864
45902
45915
45925
45929
45941
45979
45984
46001
46022
46054
46061
46085
46085
46091
46092
46135
46146
46158
46167
46178
46180
46218
46252
46256
46259
46268
46270
46282
46302
46305
46370
46377
46427
46474
46504
46513
46585
46602
46612
46615
46623
46644
46667
46673
46675
46694
46701
46720
46725
46725
46780
46782
46794
46800
46836
46836
46895
46897
46898
46902
46912
46926
46953
46955
46986
46998
47008
47021
47023
47039
47052
47055
47061
47065
47066
47068
47082
47088
47113
47126
47160
47160
47174
47218
47226
47236
47241
47247
47250
47258
47284
47302
47318
47318
47352
47353
47360
47437
47439
47457
47462
47466
47479
47536
47540
47560
47607
47660
47663
47667
47684
47703
47727
47736
47746
47823
47854
47871
47878
47896
47948
47956
47963
47971
47973
47979
47981
48016
48028
48041
48053
48068
48076
48086
48120
48122
48122
48130
48133
48155
48190
48195
48220
48249
48259
48273
48283
48289
48307
48313
48316
48406
48430
48433
48434
48475
48479
48495
48507
48528
48536
48552
48576
48645
48652
48662
48667
48696
48710
48717
48720
48728
48772
48775
48816
48833
48843
48855
48863
48882
48896
48905
48915
48916
48931
48960
48976
48976
48981
48986
48990
48994
48994
49025
49029
49039
49082
49097
49105
49112
49126
49145
49157
49209
49214
49230
49233
49250
49278
49297
49317
49323
49379
49389
49408
49415
49432
49439
49445
49451
49477
49479
49485
49508
49519
49520
49531
49545
49548
49560
49567
49573
49595
49598
49600
49617
49627
49640
49645
49656
49667
49670
49699
49717
49719
49719
49742
49746
49772
49775
49811
49828
49838
49862
49883
49883
49903
49903
49929
49935
49962
49971
49993
49997
50046
50046
50053
50060
50062
50069
50072
50073
50093
50094
50103
50106
50115
50146
50165
50189
50193
50211
50236
50237
50239
50256
50278
50279
50307
50315
50326
50332
50349
50379
50386
50404
50404
50415
50441
50451
50458
50464
50475
50485
50504
50510
50536
50642
50661
50662
50666
50697
50729
50732
50739
50750
50762
50772
50800
50800
50808
50817
50829
50849
50874
50907
50922
50944
50985
50995
50998
51023
51058
51062
51104
51112
51134
51151
51180
51188
51194
51204
51212
51235
51238
51244
51260
51265
51326
51333
51351
51362
51378
51382
51390
51393
51398
51410
51428
51441
51442
51489
51491
51492
51495
51526
51545
51581
51600
51606
51608
51629
51650
51663
51681
51684
51709
51718
51733
51751
51757
51788
51790
51820
51822
51837
51859
51870
51871
51872
51873
51884
51889
51924
51955
51963
51995
52012
52014
52021
52108
52128
52137
52147
52152
52207
52240
52252
52263
52283
52344
52348
52358
52381
52388
52427
52427
52428
52446
52461
52474
52480
52499
52508
52515
52523
52551
52584
52589
52592
52593
52621
52623
52627
52642
52657
52736
52746
52756
52765
52783
52841
52854
52854
52890
52891
52894
52912
52930
52953
52968
52988
53006
53018
53023
53033
53044
53050
53063
53064
53079
53084
53086
53100
53117
53125
53129
53172
53203
53214
53230
53255
53268
53276
53288
53299
53364
53383
53401
53408
53424
53437
53443
53463
53483
53486
53488
53500
53527
53559
53563
53622
53670
53723
53723
53725
53725
53748
53749
53750
53767
53778
53803
53839
53848
53875
53903
53913
53918
53918
53920
53937
53948
53955
53964
53998
54007
54008
54023
54026
54031
54032
54052
54054
54063
54063
54073
54073
54074
54133
54144
54172
54176
54176
54187
54197
54239
54255
54276
54299
54317
54323
54355
54372
54385
54392
54400
54414
54426
54429
54447
54448
54450
54478
54487
54490
54506
54510
54521
54536
54549
54577
54577
54603
54612
54640
54652
54662
54664
54674
54686
54688
54693
54694
54774
54794
54805
54814
54820
54830
54854
54856
54860
54926
54951
54965
54979
54983
55000
55009
55020
55057
55138
55164
55178
55201
55203
55205
55230
55244
55244
55285
55320
55354
55355
55374
55385
55390
55393
55409
55446
55448
55544
55564
55578
55600
55648
55674
55688
55690
55696
55699
55721
55728
55731
55736
55743
55764
55766
55795
55805
55843
55844
55882
55907
55920
55925
55947
55960
55961
55972
55985
56000
56006
56011
56012
56024
56027
56031
56045
56070
56093
56101
56174
56226
56249
56275
56298
56317
56334
56335
56337
56371
56379
56394
56398
56404
56416
56423
56444
56483
56491
56492
56520
56539
56551
56552
56554
56557
56572
56587
56600
56600
56604
56610
56625
56631
56635
56710
56719
56757
56760
56819
56820
56879
56893
56931
56935
56940
56954
56959
56968
56994
57014
57018
57023
57044
57056
57075
57149
57163
57180
57235
57238
57250
57309
57310
57311
57311
57324
57325
57326
57342
57361
57395
57407
57423
57431
57483
57510
57558
57565
57597
57738
57756
57761
57766
57784
57794
57803
57815
57816
57851
57880
57881
57918
57971
57980
57982
57993
58007
58022
58026
58038
58065
58079
58086
58088
58091
58098
58098
58110
58116
58126
58158
58159
58164
58171
58187
58195
58211
58261
58269
58300
58319
58338
58338
58347
58358
58363
58384
58390
58397
58406
58417
58435
58437
58453
58482
58510
58538
58568
58571
58572
58581
58623
58628
58646
58666
58698
58700
58749
58757
58769
58785
58800
58819
58827
58841
58845
58847
58869
58914
58926
58979
58995
59006
59007
59029
59049
59052
59103
59104
59105
59143
59145
59157
59160
59164
59173
59190
59191
59203
59209
59215
59224
59237
59248
59264
59272
59296
59319
59323
59324
59356
59364
59370
59370
59375
59404
59415
59436
59442
59461
59485
59523
59527
59527
59577
59580
59588
59622
59627
59704
59719
59730
59755
59763
59791
59811
59841
59843
59850
59868
59914
59953
59956
59973
59985
60028
60035
60040
60064
60083
60108
60117
60131
60135
60141
60147
60161
60163
60164
60184
60190
60243
60245
60256
60276
60288
60297
60356
60369
60378
60381
60398
60429
60451
60456
60471
60504
60518
60520
60545
60558
60596
60608
60616
60620
60624
60624
60648
60702
60734
60757
60791
60811
60822
60830
60840
60841
60842
60848
60898
60914
60940
60941
60942
60957
60984
60989
61011
61015
61034
61036
61060
61065
61072
61108
61113
61145
61147
61164
61165
61170
61191
61207
61244
61250
61291
61315
61319
61338
61341
61343
61353
61364
61389
61391
61400
61420
61434
61449
61453
61460
61489
61504
61505
61508
61524
61557
61587
61614
61635
61638
61656
61677
61710
61728
61731
61739
61752
61753
61789
61792
61804
61838
61849
61849
61865
61891
61916
61917
61931
61956
61992
61994
62013
62025
62031
62032
62080
62097
62098
62126
62131
62137
62174
62177
62184
62188
62190
62215
62216
62244
62252
62273
62322
62342
62344
62377
62377
62401
62413
62426
62431
62458
62485
62501
62509
62560
62578
62604
62605
62627
62631
62633
62693
62716
62722
62753
62773
62790
62790
62792
62820
62846
62856
62870
62886
62904
62916
62920
62942
62947
62950
62951
62979
62983
63008
63093
63126
63143
63145
63182
63193
63258
63271
63294
63294
63321
63347
63372
63380
63384
63415
63428
63444
63465
63479
63480
63486
63492
63527
63544
63546
63570
63570
63572
63594
63638
63657
63672
63682
63697
63712
63741
63746
63748
63754
63755
63783
63798
63806
63824
63837
63856
63871
63929
63958
63978
63983
64012
64036
64039
64039
64068
64093
64097
64121
64164
64169
64215
64283
64284
64294
64314
64326
64332
64349
64351
64376
64377
64382
64428
64438
64457
64461
64507
64509
64513
64515
64518
64532
64567
64575
64588
64603
64617
64625
64629
64672
64680
64680
64684
64690
64690
64700
64714
64739
64792
64863
64916
64921
64940
64949
64967
64974
64991
65006
65026
65030
65030
65041
65063
65077
65167
65168
65171
65172
65178
65179
65190
65212
65237
65265
65287
65320
65321
65329
65331
65347
65356
65377
65397
65405
65430
65449
65457
65465
65487
65495
65499
65509
65560
65578
65580
65612
65625
65688
65696
65707
65752
65755
65768
65780
65785
65794
65796
65816
65818
65823
65833
65833
65833
65839
65842
65849
65866
65871
65871
65892
65896
65910
65952
65964
65967
65973
66023
66026
66027
66032
66054
66088
66096
66120
66141
66220
66234
66234
66261
66266
66271
66278
66284
66294
66294
66324
66330
66348
66358
66414
66415
66422
66451
66461
66464
66478
66482
66491
66500
66514
66622
66624
66629
66632
66653
66668
66681
66693
66706
66711
66726
66735
66753
66785
66791
66803
66850
66892
66906
66906
66907
66920
66938
66974
67000
67012
67015
67019
67032
67033
67036
67049
67055
67069
67072
67075
67087
67092
67103
67152
67154
67163
67169
67170
67192
67280
67293
67335
67413
67440
67461
67463
67468
67493
67495
67499
67515
67538
67551
67553
67569
67578
67606
67639
67652
67693
67708
67719
67732
67752
67764
67770
67790
67804
67832
67856
67933
67935
67954
67957
67984
68013
68019
68033
68036
68052
68061
68070
68076
68085
68087
68159
68161
68179
68201
68222
68247
68257
68258
68262
68283
68283
68287
68293
68301
68309
68318
68415
68417
68433
68435
68435
68454
68474
68489
68496
68548
68569
68580
68609
68611
68628
68629
68644
68655
68673
68685
68691
68756
68774
68782
68802
68824
68826
68828
68834
68835
68877
68879
68887
68898
68911
68912
68936
68940
68948
68971
68983
68989
68993
68997
69048
69067
69077
69079
69093
69109
69114
69132
69134
69138
69138
69143
69145
69179
69188
69193
69206
69222
69242
69246
69246
69256
69267
69276
69289
69302
69304
69330
69336
69337
69344
69357
69361
69374
69403
69475
69483
69492
69497
69507
69527
69528
69531
69573
69576
69591
69594
69596
69621
69629
69659
69672
69709
69740
69750
69762
69822
69827
69830
69842
69860
69901
69903
69972
69986
69991
69993
70008
70013
70023
70030
70032
70037
70044
70048
70058
70079
70080
70093
70095
70100
70101
70104
70109
70121
70146
70146
70148
70153
70193
70214
70217
70245
70271
70289
70292
70295
70323
70326
70347
70363
70363
70374
70389
70459
70463
70470
70490
70510
70512
70538
70557
70560
70592
70592
70594
70594
70605
70616
70649
70659
70680
70713
70721
70722
70725
70752
70752
70756
70788
70813
70827
70836
70854
70859
70870
70928
70936
70954
71026
71033
71035
71169
71174
71182
71185
71194
71207
71211
71235
71267
71288
71297
71305
71329
71342
71348
71357
71385
71429
71430
71448
71466
71470
71484
71506
71515
71518
71522
71525
71529
71543
71616
71644
71689
71712
71723
71750
71756
71759
71760
71762
71766
71784
71786
71798
71812
71822
71871
71902
71916
71951
71970
71983
71997
72003
72008
72030
72032
72060
72069
72085
72112
72138
72141
72167
72168
72182
72192
72197
72213
72236
72259
72276
72280
72344
72364
72369
72371
72373
72375
72406
72407
72407
72435
72437
72457
72481
72523
72548
72549
72554
72566
72589
72599
72631
72702
72711
72714
72723
72747
72764
72770
72778
72783
72836
72861
72898
72978
73024
73032
73047
73054
73077
73110
73122
73133
73153
73156
73220
73247
73276
73285
73291
73304
73312
73319
73325
73347
73351
73360
73413
73432
73483
73502
73505
73522
73525
73528
73530
73546
73558
73567
73567
73573
73590
73617
73644
73683
73684
73686
73689
73719
73746
73746
73757
73767
73771
73772
73798
73798
73821
73822
73825
73879
73883
73899
73923
73943
73958
73960
73986
73987
73991
73994
74021
74102
74114
74130
74145
74178
74200
74219
74252
74266
74267
74270
74314
74323
74334
74343
74351
74361
74362
74369
74386
74410
74412
74423
74425
74486
74500
74536
74573
74587
74608
74609
74628
74647
74652
74670
74683
74692
74714
74722
74728
74733
74733
74741
74759
74775
74782
74847
74861
74878
74928
74930
74942
74958
74992
74994
75010
75014
75030
75030
75032
75038
75058
75076
75095
75113
75116
75166
75170
75171
75188
75192
75223
75239
75239
75275
75288
75315
75316
75322
75388
75394
75398
75424
75436
75449
75485
75489
75490
75514
75534
75541
75571
75574
75580
75585
75601
75623
75626
75629
75634
75638
75663
75684
75731
75772
75829
75839
75857
75857
75901
75911
75915
75924
75935
75965
75987
75999
76004
76009
76013
76016
76027
76045
76046
76051
76058
76091
76111
76153
76176
76201
76201
76213
76227
76234
76236
76261
76269
76276
76285
76293
76322
76341
76367
76371
76388
76394
76435
76437
76438
76469
76474
76498
76501
76523
76532
76536
76582
76588
76616
76618
76634
76687
76694
76698
76699
76725
76732
76754
76783
76786
76819
76833
76871
76883
76888
76915
76917
76919
76933
76969
76990
77005
77008
77033
77045
77050
77062
77066
77086
77093
77097
77119
77123
77152
77152
77198
77256
77263
77277
77291
77296
77299
77306
77318
77365
77374
77377
77407
77429
77459
77462
77464
77485
77501
77501
77503
77521
77528
77541
77543
77548
77561
77613
77628
77638
77669
77672
77685
77691
77704
77707
77709
77713
77716
77722
77724
77730
77735
77768
77788
77788
77845
77860
77861
77869
77877
77898
77911
77922
77946
77949
77955
77968
77978
78000
78026
78027
78030
78057
78057
78067
78085
78087
78129
78149
78151
78158
78159
78163
78191
78192
78204
78210
78234
78242
78248
78248
78277
78301
78314
78325
78337
78356
78365
78379
78380
78422
78456
78478
78532
78554
78616
78675
78677
78679
78693
78706
78709
78730
78730
78754
78758
78807
78823
78840
78844
78859
78885
78892
78894
78896
78924
78924
78951
78964
79015
79022
79030
79058
79068
79069
79084
79086
79096
79107
79118
79129
79136
79150
79170
79176
79177
79183
79183
79204
79216
79225
79246
79254
79287
79291
79298
79302
79342
79369
79390
79411
79438
79466
79468
79469
79474
79499
79512
79522
79547
79550
79550
79595
79653
79673
79677
79693
79700
79701
79717
79721
79735
79756
79758
79763
79784
79812
79820
79822
79834
79844
79855
79857
79858
79872
79895
79899
79905
79911
79913
79929
79936
79955
79963
79963
79987
79988
80011
80014
80059
80071
80075
80084
80085
80089
80092
80098
80100
80101
80109
80158
80159
80168
80172
80196
80199
80205
80223
80226
80238
80245
80247
80254
80266
80277
80287
80306
80312
80314
80387
80412
80471
80473
80481
80501
80529
80549
80559
80568
80580
80582
80583
80650
80706
80718
80727
80739
80743
80752
80781
80828
80829
80889
80890
80891
80908
80911
80915
80932
80952
80983
80985
80987
81008
81016
81017
81022
81036
81046
81063
81068
81083
81134
81145
81147
81159
81178
81219
81226
81257
81259
81263
81281
81337
81357
81412
81447
81454
81455
81472
81476
81477
81478
81481
81502
81543
81545
81574
81586
81596
81625
81667
81675
81686
81687
81692
81703
81712
81720
81727
81761
81770
81786
81797
81847
81850
81856
81858
81917
81918
81922
81945
81953
81966
81974
81975
81979
81980
81987
82008
82022
82031
82037
82050
82068
82073
82081
82087
82108
82118
82129
82147
82152
82168
82173
82270
82281
82284
82289
82303
82307
82314
82322
82379
82381
82393
82396
82403
82442
82442
82455
82457
82457
82471
82492
82539
82539
82583
82590
82593
82619
82647
82652
82655
82686
82700
82702
82746
82781
82808
82838
82849
82864
82870
82879
82909
82910
82923
82940
82960
82967
82987
82993
82993
83018
83018
83028
83055
83088
83106
83109
83120
83145
83163
83184
83205
83211
83212
83244
83245
83250
83259
83282
83299
83310
83337
83359
83404
83412
83432
83461
83582
83590
83593
83603
83619
83620
83621
83665
83668
83692
83700
83710
83747
83768
83813
83832
83836
83856
83873
83886
83890
83891
83892
83900
83908
83920
83922
83930
83950
83963
83965
83965
83970
83977
84019
84020
84029
84030
84057
84060
84064
84064
84070
84085
84088
84091
84115
84130
84138
84159
84163
84174
84202
84260
84264
84265
84266
84279
84298
84316
84374
84406
84417
84419
84440
84441
84455
84481
84484
84488
84524
84527
84548
84552
84585
84597
84606
84608
84622
84674
84700
84716
84746
84750
84754
84754
84763
84813
84817
84822
84834
84838
84841
84855
84883
84885
84906
84923
84926
84960
84966
84974
84983
84985
84999
85005
85015
85067
85073
85083
85099
85105
85108
85110
85117
85126
85144
85160
85167
85169
85203
85210
85231
85240
85257
85285
85300
85307
85350
85353
85371
85386
85408
85450
85457
85469
85507
85519
85556
85559
85565
85571
85602
85606
85606
85618
85651
85658
85661
85679
85681
85700
85703
85703
85727
85754
85804
85808
85812
85840
85851
85880
85880
85889
85896
85900
85954
85977
85983
86005
86023
86033
86046
86067
86076
86101
86133
86160
86164
86185
86189
86195
86205
86210
86217
86229
86234
86235
86240
86252
86268
86276
86284
86289
86291
86297
86301
86359
86365
86382
86387
86390
86398
86420
86429
86431
86431
86459
86460
86469
86470
86483
86497
86525
86535
86544
86555
86565
86568
86611
86616
86639
86651
86713
86721
86746
86747
86760
86816
86819
86831
86843
86859
86867
86872
86890
86895
86932
86964
86971
86986
87002
87028
87032
87089
87089
87114
87141
87150
87172
87236
87250
87267
87270
87280
87284
87289
87295
87297
87308
87328
87361
87364
87382
87413
87420
87436
87443
87443
87445
87458
87485
87502
87506
87514
87537
87599
87636
87645
87656
87678
87692
87703
87726
87729
87734
87738
87751
87778
87783
87853
87870
87875
87889
87901
87916
87918
87951
87973
88013
88014
88015
88049
88059
88091
88135
88142
88148
88166
88199
88204
88210
88210
88241
88244
88260
88313
88318
88326
88327
88334
88364
88380
88395
88419
88427
88437
88441
88450
88462
88471
88514
88531
88532
88553
88568
88577
88579
88584
88613
88615
88616
88668
88674
88678
88702
88714
88742
88752
88768
88848
88860
88873
88892
88897
88928
88936
88957
88980
88981
88991
88992
88993
89013
89020
89032
89041
89090
89102
89107
89114
89133
89162
89170
89177
89178
89195
89209
89224
89225
89234
89245
89269
89286
89315
89344
89353
89374
89406
89427
89473
89479
89489
89505
89518
89523
89526
89543
89561
89604
89638
89640
89662
89663
89692
89694
89694
89701
89719
89747
89754
89818
89829
89845
89849
89881
89903
89909
89919
89928
89946
89961
90009
90067
90073
90090
90097
90112
90147
90213
90221
90232
90245
90260
90261
90295
90345
90365
90375
90467
90500
90500
90505
90575
90587
90604
90611
90648
90683
90699
90723
90731
90747
90748
90749
90767
90777
90815
90837
90842
90853
90917
90933
90949
90953
90962
90969
90978
90987
91034
91063
91079
91085
91090
91110
91142
91146
91158
91162
91212
91228
91228
91240
91286
91293
91312
91338
91350
91388
91395
91395
91497
91526
91588
91608
91615
91641
91666
91697
91752
91762
91770
91772
91824
91872
91874
91904
91909
91914
91923
91930
91942
91947
91978
91986
92022
92030
92034
92041
92047
92057
92065
92095
92098
92101
92126
92148
92155
92185
92205
92210
92215
92262
92285
92297
92302
92353
92371
92384
92385
92395
92399
92418
92424
92425
92444
92453
92462
92474
92482
92486
92494
92496
92505
92571
92625
92635
92641
92644
92692
92697
92749
92758
92776
92778
92784
92794
92803
92803
92808
92815
92853
92875
92906
92923
92932
92935
92940
92970
93014
93022
93023
93037
93069
93073
93084
93098
93109
93118
93122
93133
93138
93165
93179
93199
93245
93254
93261
93336
93342
93345
93382
93390
93394
93401
93417
93433
93501
93532
93554
93587
93680
93687
93695
93702
93755
93758
93791
93794
93797
93820
93820
93827
93845
93860
93864
93869
93896
93922
93946
93953
93976
93977
94020
94055
94102
94121
94160
94163
94163
94163
94181
94193
94219
94242
94243
94249
94288
94299
94315
94315
94329
94337
94382
94422
94442
94498
94513
94536
94539
94544
94556
94569
94584
94634
94640
94647
94650
94665
94672
94677
94698
94700
94722
94747
94748
94801
94849
94861
94871
94896
94903
94904
94942
94947
94949
94978
94996
94998
95002
95033
95043
95046
95056
95058
95109
95111
95133
95154
95155
95175
95184
95189
95190
95191
95200
95213
95221
95233
95234
95234
95252
95257
95258
95262
95262
95277
95283
95291
95300
95303
95310
95324
95348
95356
95369
95381
95387
95388
95392
95401
95419
95449
95451
95473
95508
95551
95564
95570
95578
95581
95593
95617
95684
95689
95698
95700
95723
95746
95762
95767
95791
95801
95805
95836
95839
95848
95848
95860
95864
95890
95909
95913
95923
95967
95969
95970
95971
96005
96008
96018
96018
96020
96034
96051
96053
96061
96062
96090
96090
96094
96096
96132
96141
96141
96168
96186
96193
96193
96204
96242
96284
96298
96298
96310
96337
96341
96380
96381
96404
96414
96419
96431
96489
96504
96512
96512
96531
96557
96603
96606
96610
96620
96629
96644
96645
96645
96702
96710
96721
96731
96738
96739
96747
96762
96764
96779
96841
96866
96868
96878
96900
96908
96909
96927
96956
96961
96975
96977
97009
97015
97069
97092
97097
97152
97160
97170
97172
97175
97180
97206
97206
97225
97234
97258
97267
97280
97306
97310
97321
97361
97371
97375
97390
97398
97460
97469
97529
97538
97557
97558
97572
97572
97590
97604
97608
97611
97622
97668
97673
97683
97724
97734
97734
97742
97750
97751
97754
97754
97755
97801
97801
97802
97807
97872
97872
97877
97879
97930
97937
97956
97979
97983
97994
98016
98026
98026
98037
98047
98053
98059
98079
98083
98085
98086
98105
98117
98139
98140
98150
98158
98164
98165
98191
98295
98310
98311
98314
98324
98331
98339
98343
98347
98374
98439
98456
98464
98486
98491
98524
98537
98597
98616
98671
98675
98714
98715
98729
98732
98736
98746
98759
98764
98776
98790
98798
98825
98869
98895
98902
98911
98957
98967
99014
99039
99045
99048
99049
99057
99064
99101
99109
99113
99138
99194
99194
99229
99261
99271
99285
99292
99309
99312
99320
99331
99396
99433
99463
99508
99513
99583
99605
99616
99618
99624
99632
99648
99665
99671
99689
99690
99695
99707
99727
99747
99751
99775
99777
99780
99813
99821
99850
99860
99870
99872
99918
99922
99932
