42
47
72
77
90
99
109
121
122
131
160
168
188
201
231
258
259
266
268
300
318
335
338
353
357
360
380
387
395
415
421
424
430
439
444
457
460
461
461
482
488
491
505
523
534
540
583
606
614
645
681
692
696
709
733
737
741
751
766
781
836
853
866
887
939
958
959
965
969
986
995
1029
1030
1151
1152
1155
1172
1190
1203
1217
1236
1249
1252
1257
1283
1294
1299
1340
1343
1347
1348
1349
1354
1388
1411
1440
1442
1443
1456
1466
1468
1473
1478
1479
1488
1492
1505
1633
1652
1653
1659
1696
1702
1721
1724
1752
1809
1814
1818
1830
1831
1909
1926
1931
1933
1952
1969
1980
2024
2051
2051
2052
2065
2075
2110
2174
2247
2258
2321
2356
2426
2446
2454
2481
2532
2540
2542
2562
2591
2598
2607
2624
2625
2627
2647
2689
2719
2741
2761
2777
2778
2783
2802
2818
2862
2869
2872
2905
2920
2940
2961
2963
2988
2999
3006
3008
3015
3031
3035
3045
3045
3046
3048
3055
3056
3062
3076
3086
3091
3110
3148
3155
3161
3168
3184
3185
3206
3245
3251
3283
3314
3331
3417
3431
3445
3451
3458
3491
3495
3501
3525
3544
3569
3575
3575
3586
3637
3642
3655
3669
3682
3685
3700
3712
3728
3766
3767
3771
3773
3794
3809
3810
3811
3818
3839
3845
3865
3902
3906
3923
3956
3967
3990
3992
3992
4000
4007
4017
4030
4041
4089
4139
4152
4198
4205
4224
4247
4251
4251
4257
4259
4267
4277
4302
4304
4319
4323
4341
4363
4369
4379
4396
4404
4432
4439
4441
4467
4481
4489
4530
4576
4613
4638
4671
4673
4675
4690
4726
4730
4731
4734
4759
4763
4778
4782
4806
4825
4834
4896
4899
4900
4906
4927
4930
4951
5016
5058
5061
5106
5108
5111
5113
5125
5127
5159
5174
5188
5199
5217
5245
5288
5293
5306
5346
5375
5395
5406
5408
5411
5413
5413
5431
5442
5448
5471
5471
5509
5513
5530
5542
5545
5545
5581
5605
5605
5625
5633
5665
5712
5718
5725
5737
5755
5758
5787
5794
5806
5835
5846
5859
5872
5891
5902
5907
5911
5971
5979
6028
6038
6045
6051
6084
6120
6144
6156
6156
6221
6231
6259
6269
6275
6351
6403
6436
6438
6443
6502
6516
6556
6561
6569
6589
6607
6609
6663
6669
6685
6717
6746
6758
6759
6777
6819
6820
6835
6835
6842
6879
6887
6888
6905
6911
6946
6976
7081
7085
7117
7130
7147
7149
7152
7182
7220
7231
7274
7274
7321
7335
7353
7358
7375
7399
7402
7403
7439
7466
7479
7484
7494
7494
7507
7536
7552
7558
7578
7580
7626
7629
7639
7646
7654
7684
7695
7698
7706
7709
7719
7722
7732
7758
7764
7770
7786
7797
7810
7862
7874
7918
7919
7935
7944
7947
7954
7984
7996
8021
8031
8034
8062
8114
8158
8183
8185
8185
8208
8239
8258
8290
8314
8329
8373
8388
8408
8417
8429
8436
8443
8447
8450
8463
8488
8496
8514
8553
8556
8577
8596
8602
8616
8623
8634
8655
8688
8691
8707
8713
8729
8729
8786
8791
8819
8855
8864
8871
8881
8895
8915
8946
8951
8952
8970
8995
9002
9002
9004
9035
9046
9078
9079
9097
9098
9134
9161
9178
9187
9189
9195
9237
9247
9272
9273
9302
9303
9305
9305
9309
9313
9330
9332
9333
9335
9357
9377
9378
9387
9395
9438
9444
9458
9462
9465
9478
9491
9510
9547
9560
9588
9630
9655
9659
9671
9708
9714
9725
9753
9754
9764
9799
9805
9830
9839
9852
9856
9868
9881
9936
9956
9966
9978
9986
9999
10001
10002
10035
10064
10073
10074
10074
10083
10102
10124
10126
10135
10139
10156
10162
10169
10206
10213
10215
10257
10282
10291
10293
10294
10312
10320
10333
10342
10386
10391
10395
10399
10411
10419
10429
10456
10459
10463
10495
10499
10507
10518
10523
10555
10576
10590
10608
10608
10611
10647
10662
10675
10695
10713
10736
10747
10771
10783
10813
10827
10829
10848
10849
10871
10902
10910
10912
10945
10948
10955
11016
11035
11076
11106
11112
11114
11143
11168
11175
11185
11221
11269
11270
11270
11287
11303
11343
11354
11359
11406
11417
11438
11554
11581
11590
11643
11658
11692
11708
11744
11767
11805
11810
11816
11827
11831
11835
11849
11857
11861
11871
11895
11946
11973
12010
12012
12039
12052
12100
12128
12141
12165
12170
12187
12200
12255
12256
12260
12272
12308
12328
12328
12339
12352
12359
12362
12374
12379
12390
12400
12411
12425
12426
12466
12487
12490
12499
12508
12513
12564
12567
12640
12664
12676
12681
12687
12714
12714
12716
12720
12730
12731
12756
12781
12808
12825
12881
12890
12897
12902
12907
12916
12950
12954
12977
12979
12990
12992
13006
13031
13039
13046
13054
13066
13066
13093
13097
13101
13109
13111
13125
13161
13179
13184
13212
13229
13242
13247
13261
13262
13275
13299
13309
13311
13328
13334
13359
13400
13405
13406
13428
13470
13474
13493
13498
13505
13534
13568
13577
13597
13609
13611
13620
13645
13686
13693
13706
13707
13718
13720
13724
13726
13767
13785
13802
13825
13837
13845
13884
13910
13913
13929
13932
13945
13955
13985
14002
14003
14013
14034
14052
14068
14084
14092
14095
14104
14107
14109
14116
14147
14157
14158
14159
14169
14178
14197
14211
14217
14235
14244
14252
14254
14277
14285
14288
14320
14390
14395
14396
14398
14422
14431
14440
14444
14449
14464
14468
14471
14476
14483
14502
14508
14509
14529
14576
14577
14591
14605
14613
14618
14621
14632
14640
14642
14650
14663
14724
14748
14781
14822
14827
14859
14870
14915
14935
14939
14952
14964
14969
14970
15011
15055
15066
15074
15092
15137
15151
15155
15156
15160
15176
15176
15186
15188
15197
15206
15240
15304
15314
15342
15343
15358
15383
15391
15392
15395
15419
15444
15479
15484
15508
15519
15553
15562
15572
15573
15600
15637
15650
15658
15672
15697
15702
15724
15728
15739
15748
15754
15764
15774
15783
15784
15788
15828
15847
15870
15873
15889
15894
15903
15922
15929
15945
15945
15955
15955
15959
15967
15976
15977
16005
16013
16041
16041
16076
16078
16078
16135
16209
16241
16263
16285
16302
16309
16313
16325
16326
16356
16369
16420
16423
16459
16468
16470
16473
16485
16520
16555
16601
16601
16618
16628
16672
16684
16711
16726
16765
16768
16816
16844
16847
16872
16875
16878
16919
16952
16978
16980
16996
17010
17038
17042
17051
17077
17086
17102
17156
17166
17172
17178
17186
17200
17201
17214
17238
17245
17272
17299
17306
17329
17343
17347
17427
17430
17449
17455
17461
17483
17484
17495
17504
17513
17533
17535
17554
17562
17569
17596
17596
17621
17634
17637
17650
17659
17663
17684
17698
17736
17768
17782
17792
17817
17838
17839
17849
17857
17877
17885
17886
17948
17955
17963
17972
17972
17977
17979
17997
18019
18127
18129
18131
18143
18156
18194
18196
18196
18205
18209
18210
18219
18252
18255
18268
18273
18281
18370
18370
18395
18430
18464
18493
18495
18546
18552
18561
18582
18592
18595
18618
18637
18665
18722
18725
18734
18756
18775
18844
18852
18878
18923
18937
18939
18942
18973
18977
19007
19014
19031
19042
19050
19061
19064
19066
19107
19111
19179
19190
19200
19205
19226
19254
19267
19330
19331
19332
19334
19360
19360
19381
19381
19388
19388
19456
19486
19496
19505
19509
19549
19555
19564
19598
19608
19682
19686
19690
19696
19710
19713
19743
19759
19775
19805
19809
19816
19826
19829
19850
19868
19918
19919
19933
19945
19945
19994
19996
20023
20092
20094
20103
20118
20155
20170
20207
20209
20216
20230
20241
20245
20246
20273
20278
20284
20296
20310
20311
20326
20355
20386
20393
20396
20414
20422
20460
20482
20484
20542
20564
20567
20597
20598
20662
20694
20721
20732
20769
20770
20778
20782
20809
20816
20826
20846
20849
20880
20904
20935
20962
20966
20969
20976
20988
20992
20996
20999
21011
21024
21092
21118
21142
21148
21157
21172
21175
21177
21177
21203
21213
21227
21237
21283
21290
21299
21302
21311
21311
21312
21356
21390
21393
21396
21403
21413
21423
21425
21430
21439
21474
21503
21516
21539
21544
21559
21567
21576
21581
21589
21591
21605
21615
21616
21642
21644
21692
21705
21711
21712
21750
21750
21760
21762
21771
21787
21791
21793
21803
21815
21829
21832
21870
21897
21899
21912
21915
21971
22014
22017
22020
22040
22051
22061
22078
22094
22101
22111
22149
22157
22173
22174
22197
22229
22257
22270
22294
22296
22316
22325
22339
22415
22421
22445
22483
22487
22515
22535
22547
22573
22619
22660
22666
22676
22689
22701
22753
22766
22800
22803
22804
22821
22824
22830
22851
22855
22870
22873
22896
22912
22931
22942
22972
22972
22974
23003
23033
23034
23036
23050
23054
23106
23114
23124
23129
23131
23170
23177
23184
23191
23195
23217
23242
23248
23288
23340
23346
23387
23392
23416
23448
23450
23522
23540
23566
23569
23585
23596
23653
23657
23659
23701
23713
23730
23739
23755
23766
23782
23783
23786
23904
23937
23945
23962
23967
23981
24017
24051
24059
24094
24136
24171
24185
24185
24200
24214
24274
24284
24291
24306
24312
24355
24366
24370
24390
24397
24402
24404
24405
24450
24513
24515
24526
24593
24609
24622
24645
24657
24689
24747
24752
24817
24828
24835
24848
24854
24869
24871
24875
24876
24881
24883
24909
24916
24916
24938
24941
24941
24949
24951
24961
24971
24978
24982
25011
25019
25020
25056
25096
25096
25097
25110
25120
25141
25142
25157
25171
25192
25195
25211
25212
25212
25235
25272
25286
25303
25312
25355
25375
25395
25409
25448
25457
25461
25484
25510
25520
25537
25625
25629
25668
25672
25679
25687
25705
25709
25713
25722
25740
25756
25757
25778
25804
25831
25842
25848
25880
25881
25892
25903
25924
25941
25952
25953
25953
25955
25957
25965
25967
26030
26050
26051
26075
26093
26118
26142
26148
26148
26164
26195
26212
26212
26235
26245
26248
26275
26282
26302
26318
26363
26376
26401
26417
26439
26453
26492
26501
26508
26517
26542
26584
26596
26597
26624
26638
26651
26660
26661
26696
26704
26777
26795
26817
26841
26854
26857
26859
26901
26922
26924
26927
26966
26991
27014
27049
27051
27098
27098
27123
27131
27166
27177
27187
27188
27219
27235
27241
27249
27266
27272
27302
27366
27412
27417
27430
27451
27453
27470
27511
27519
27529
27557
27560
27574
27586
27587
27593
27609
27622
27628
27647
27680
27683
27683
27692
27695
27713
27718
27726
27742
27786
27790
27794
27795
27805
27814
27878
27903
27905
27906
27931
27982
28003
28015
28045
28048
28060
28063
28076
28078
28081
28081
28083
28102
28118
28134
28139
28145
28157
28187
28205
28227
28228
28238
28288
28296
28303
28304
28305
28307
28311
28323
28342
28344
28349
28376
28409
28458
28486
28494
28495
28505
28512
28523
28527
28562
28565
28617
28638
28649
28650
28661
28695
28723
28737
28743
28745
28746
28756
28773
28808
28810
28837
28858
28871
28886
28891
28892
28940
28951
28958
28965
29026
29051
29053
29063
29081
29086
29119
29125
29131
29137
29182
29207
29210
29245
29293
29311
29320
29348
29353
29363
29376
29380
29396
29397
29403
29426
29444
29463
29477
29477
29484
29491
29507
29518
29522
29544
29561
29573
29604
29610
29630
29654
29689
29703
29712
29750
29807
29836
29841
29855
29858
29891
29893
29929
29946
29950
29988
30017
30033
30040
30058
30070
30092
30099
30106
30131
30145
30186
30187
30197
30200
30205
30227
30242
30256
30264
30275
30278
30325
30352
30354
30434
30435
30466
30469
30477
30492
30504
30512
30531
30538
30595
30596
30609
30638
30644
30651
30684
30698
30701
30707
30708
30724
30730
30748
30761
30789
30814
30819
30823
30856
30862
30873
30906
30907
30918
30918
30950
31003
31032
31033
31034
31055
31063
31089
31104
31132
31175
31218
31237
31251
31274
31311
31334
31335
31346
31353
31379
31398
31404
31405
31428
31431
31437
31441
31447
31465
31487
31490
31517
31528
31572
31572
31581
31599
31601
31665
31669
31680
31732
31740
31769
31829
31842
31848
31886
31889
31923
31955
31956
31971
31996
32026
32030
32037
32089
32090
32114
32122
32126
32126
32170
32222
32225
32246
32250
32255
32300
32305
32305
32318
32328
32339
32349
32386
32417
32426
32438
32457
32481
32497
32509
32513
32519
32523
32554
32561
32635
32639
32694
32711
32726
32741
32774
32792
32829
32833
32836
32856
32866
32905
32915
32925
32927
32943
32954
32998
33065
33069
33097
33114
33118
33180
33195
33196
33201
33205
33209
33225
33226
33254
33256
33263
33284
33290
33310
33312
33325
33328
33342
33356
33356
33404
33406
33422
33424
33431
33453
33467
33476
33490
33492
33645
33662
33668
33695
33705
33715
33736
33770
33789
33814
33822
33824
33824
33837
33842
33847
33852
33875
33892
33893
33922
33934
33941
33941
33966
33973
33986
34001
34003
34065
34101
34106
34114
34144
34151
34171
34197
34209
34223
34231
34238
34244
34266
34305
34353
34356
34357
34363
34365
34367
34378
34392
34427
34483
34512
34517
34524
34563
34565
34597
34606
34606
34606
34614
34679
34694
34719
34722
34729
34731
34747
34762
34804
34845
34873
34889
34895
34954
34959
34975
34993
35029
35067
35078
35086
35091
35092
35100
35102
35112
35123
35158
35179
35194
35243
35304
35309
35322
35324
35325
35330
35347
35357
35365
35383
35392
35432
35453
35507
35538
35563
35563
35566
35592
35647
35687
35722
35726
35738
35749
35775
35785
35786
35787
35790
35794
35808
35815
35841
35843
35847
35876
35889
35892
35895
35906
35922
35931
35958
35976
35987
36001
36021
36026
36036
36039
36065
36066
36074
36121
36126
36140
36156
36178
36226
36229
36312
36325
36342
36370
36375
36417
36437
36448
36458
36459
36474
36509
36529
36569
36573
36577
36602
36605
36612
36629
36640
36669
36669
36689
36721
36728
36768
36774
36776
36781
36786
36795
36851
36861
36861
36870
36889
36892
36932
36936
36962
36963
36969
36977
36980
36989
36993
36994
37007
37066
37072
37072
37077
37097
37128
37151
37186
37202
37208
37219
37227
37231
37236
37247
37257
37261
37271
37278
37291
37296
37299
37301
37307
37316
37322
37345
37347
37359
37391
37392
37398
37406
37414
37419
37420
37460
37476
37478
37493
37495
37509
37514
37526
37532
37533
37549
37566
37574
37584
37604
37606
37606
37609
37627
37647
37660
37666
37667
37692
37697
37699
37704
37714
37723
37732
37742
37750
37772
37790
37795
37797
37802
37803
37816
37833
37833
37844
37846
37864
37873
37880
37903
37916
37922
37922
37946
37950
37950
37950
37952
37952
37956
37956
37989
38039
38039
38074
38099
38120
38127
38137
38138
38142
38158
38168
38170
38171
38181
38182
38209
38210
38224
38246
38249
38267
38271
38315
38326
38342
38360
38373
38378
38385
38400
38404
38418
38472
38475
38515
38532
38536
38564
38589
38592
38630
38646
38647
38655
38656
38656
38668
38671
38695
38700
38734
38758
38766
38797
38809
38818
38822
38827
38832
38854
38877
38903
38906
38922
38947
38952
38980
38989
39023
39028
39044
39062
39067
39099
39116
39117
39119
39127
39140
39150
39177
39194
39198
39208
39266
39274
39301
39303
39307
39325
39329
39337
39337
39360
39369
39374
39380
39391
39403
39408
39412
39426
39429
39456
39456
39493
39546
39562
39576
39628
39677
39678
39680
39684
39690
39728
39736
39737
39746
39793
39801
39815
39818
39819
39829
39861
39962
39985
40020
40037
40043
40053
40069
40073
40074
40084
40122
40123
40127
40133
40137
40145
40169
40171
40173
40173
40181
40186
40189
40213
40238
40240
40243
40274
40275
40285
40296
40321
40324
40381
40399
40411
40414
40418
40456
40475
40510
40556
40562
40571
40587
40592
40619
40631
40641
40645
40646
40650
40665
40678
40720
40740
40759
40769
40774
40779
40825
40836
40844
40851
40853
40857
40858
40875
40896
40897
40914
40953
40954
40970
40996
41033
41034
41043
41082
41143
41151
41165
41221
41238
41241
41252
41253
41262
41290
41315
41327
41330
41368
41378
41415
41430
41444
41454
41484
41488
41527
41573
41590
41622
41634
41709
41720
41737
41738
41758
41766
41767
41793
41803
41808
41828
41843
41861
41862
41863
41879
41904
41921
41928
41931
41937
41952
41961
41963
41994
42000
42006
42017
42022
42095
42095
42148
42162
42211
42225
42260
42296
42323
42334
42342
42345
42349
42376
42407
42417
42417
42432
42434
42441
42447
42494
42514
42517
42541
42546
42575
42580
42601
42640
42640
42649
42709
42716
42740
42763
42782
42806
42819
42822
42882
42903
42903
42911
42913
42913
42916
42921
42941
42951
42956
42965
42966
42989
43010
43030
43031
43068
43071
43090
43097
43104
43158
43208
43224
43233
43233
43292
43308
43318
43327
43345
43347
43349
43354
43370
43374
43376
43395
43405
43448
43492
43494
43501
43520
43523
43546
43547
43582
43601
43631
43634
43634
43647
43670
43681
43699
43723
43738
43739
43741
43767
43802
43835
43835
43840
43843
43844
43859
43884
43886
43887
43900
43914
43917
43926
43954
43969
43980
43989
44002
44021
44031
44032
44037
44049
44072
44075
44086
44103
44114
44136
44269
44278
44302
44308
44309
44352
44354
44387
44400
44419
44431
44432
44446
44476
44495
44536
44547
44587
44595
44602
44605
44610
44611
44616
44618
44634
44648
44665
44665
44690
44694
44697
44721
44730
44732
44733
44737
44766
44772
44780
44781
44793
44807
44824
44828
44843
44854
44896
44900
44919
44954
44977
44981
44988
45004
45043
45070
45087
45097
45115
45142
45151
45159
45166
45184
45200
45202
45231
45254
45260
45267
45268
45330
45336
45350
45370
45405
45420
45444
45446
45457
45484
45502
45525
45540
45540
45559
45576
45588
45598
45631
45656
45663
45667
45678
45707
45712
45752
45760
45772
45784
45801
45801
45812
45820
45831
45842
45851
45873
45879
45913
45958
45961
45977
45978
45990
46033
46070
46081
46086
46100
46124
46159
46163
46173
46197
46207
46208
46211
46246
46252
46261
46273
46292
46327
46381
46386
46391
46415
46421
46443
46448
46463
46468
46470
46494
46511
46547
46554
46558
46573
46587
46604
46608
46630
46667
46695
46702
46704
46711
46716
46730
46751
46766
46774
46781
46824
46847
46865
46876
46882
46897
46906
46913
46926
46968
46970
47000
47022
47030
47031
47084
47086
47133
47135
47140
47155
47157
47172
47184
47187
47227
47232
47251
47253
47269
47291
47307
47336
47342
47364
47428
47455
47471
47492
47520
47543
47567
47617
47634
47642
47654
47657
47674
47677
47679
47679
47704
47705
47713
47718
47749
47799
47801
47830
47832
47861
47874
47897
47907
47939
47957
47992
48003
48017
48025
48033
48037
48055
48146
48163
48165
48168
48172
48173
48178
48203
48226
48245
48255
48257
48300
48315
48316
48320
48320
48327
48369
48370
48374
48377
48463
48478
48479
48483
48559
48560
48620
48635
48657
48664
48674
48705
48717
48745
48750
48769
48772
48777
48814
48833
48846
48850
48910
48916
48927
48954
48964
48985
48992
49001
49047
49052
49068
49087
49112
49147
49153
49156
49160
49171
49187
49209
49215
49221
49247
49260
49261
49281
49299
49320
49343
49375
49411
49422
49461
49494
49495
49505
49512
49516
49528
49545
49548
49550
49553
49564
49567
49587
49611
49626
49632
49673
49695
49696
49752
49754
49760
49777
49812
49832
49835
49853
49859
49881
49888
49918
49954
49958
49973
49985
50029
50107
50108
50134
50134
50135
50148
50159
50163
50178
50182
50183
50188
50204
50209
50211
50217
50234
50289
50307
50315
50332
50334
50350
50362
50372
50425
50435
50435
50450
50451
50499
50507
50522
50535
50553
50554
50617
50640
50641
50666
50675
50728
50733
50736
50774
50783
50804
50821
50822
50835
50846
50849
50856
50877
50890
50893
50925
50944
50954
50982
50990
51008
51025
51025
51039
51049
51053
51057
51061
51062
51064
51070
51074
51081
51095
51104
51110
51121
51151
51153
51161
51174
51197
51197
51250
51254
51271
51276
51327
51328
51349
51368
51370
51440
51451
51463
51474
51497
51507
51507
51522
51546
51565
51571
51587
51628
51639
51649
51654
51655
51677
51685
51711
51712
51746
51760
51779
51780
51813
51825
51833
51866
51892
51933
51941
51954
51985
52008
52010
52018
52019
52025
52030
52043
52085
52092
52113
52121
52131
52166
52178
52181
52181
52226
52247
52250
52254
52275
52278
52297
52298
52298
52300
52317
52319
52354
52380
52385
52403
52411
52412
52412
52413
52415
52429
52442
52452
52455
52456
52470
52481
52500
52518
52529
52534
52538
52544
52559
52572
52573
52582
52595
52611
52631
52650
52659
52715
52722
52729
52737
52757
52763
52790
52795
52800
52810
52815
52825
52833
52838
52869
52889
52901
52916
52950
52960
52962
52979
52985
53012
53018
53033
53088
53095
53096
53104
53105
53129
53177
53219
53231
53241
53248
53253
53339
53363
53366
53371
53380
53386
53388
53395
53404
53438
53442
53446
53453
53473
53511
53518
53519
53567
53586
53601
53609
53620
53620
53621
53633
53644
53682
53698
53700
53703
53750
53752
53755
53766
53783
53795
53808
53833
53834
53843
53852
53859
53869
53874
53879
53883
53886
53888
53898
53905
53927
53932
53942
53958
53959
53965
53989
54017
54021
54024
54031
54053
54094
54147
54148
54168
54173
54174
54219
54225
54229
54283
54324
54327
54327
54334
54344
54348
54349
54353
54363
54384
54386
54398
54436
54455
54462
54468
54469
54476
54506
54510
54513
54523
54523
54544
54544
54550
54569
54570
54575
54580
54604
54610
54637
54713
54723
54745
54776
54787
54820
54830
54858
54894
54898
54898
54939
54939
54963
55076
55131
55132
55171
55188
55205
55208
55212
55231
55243
55266
55281
55284
55304
55318
55320
55327
55332
55360
55366
55399
55408
55409
55412
55435
55458
55477
55478
55495
55520
55570
55589
55598
55607
55629
55633
55644
55657
55674
55682
55689
55713
55745
55752
55781
55810
55862
55870
55873
55883
55895
55898
55901
55908
55910
55915
55926
55939
55949
55956
55999
56016
56042
56067
56068
56079
56089
56103
56109
56117
56157
56157
56175
56179
56211
56229
56234
56258
56296
56331
56357
56357
56398
56398
56439
56446
56461
56572
56582
56585
56602
56622
56624
56625
56674
56681
56681
56715
56731
56750
56773
56864
56889
56898
56912
56923
57009
57034
57107
57110
57162
57187
57199
57211
57238
57241
57248
57266
57282
57302
57302
57305
57314
57317
57346
57350
57368
57384
57387
57412
57417
57421
57430
57448
57452
57455
57501
57507
57508
57526
57538
57562
57588
57603
57604
57643
57662
57666
57677
57698
57707
57723
57768
57771
57788
57797
57824
57828
57833
57882
57910
57915
57915
57934
57957
57980
58005
58023
58025
58064
58118
58139
58162
58171
58192
58213
58242
58244
58269
58290
58293
58309
58319
58319
58322
58327
58336
58350
58369
58369
58377
58379
58384
58390
58395
58413
58439
58504
58513
58529
58533
58551
58556
58576
58594
58620
58624
58655
58663
58678
58683
58693
58716
58752
58755
58763
58767
58805
58832
58838
58852
58858
58873
58878
58883
58913
58916
58932
59009
59034
59057
59065
59075
59082
59088
59088
59088
59145
59152
59176
59189
59189
59192
59214
59217
59236
59242
59261
59264
59288
59332
59347
59370
59387
59401
59420
59431
59437
59439
59451
59473
59480
59515
59520
59529
59534
59614
59619
59624
59625
59626
59628
59641
59646
59661
59665
59674
59728
59734
59739
59751
59753
59763
59781
59787
59800
59813
59820
59840
59847
59848
59853
59880
59895
59922
59944
59956
59957
59986
59992
60016
60023
60080
60110
60125
60146
60190
60201
60232
60242
60247
60264
60306
60308
60316
60317
60329
60339
60340
60358
60364
60364
60403
60417
60430
60436
60439
60442
60454
60483
60483
60514
60516
60519
60526
60528
60530
60611
60656
60666
60677
60690
60724
60727
60752
60797
60811
60873
60891
60904
60927
60936
60946
60953
60953
60978
60991
61000
61011
61052
61058
61081
61109
61119
61120
61121
61137
61140
61145
61194
61195
61220
61255
61362
61402
61424
61424
61433
61436
61442
61446
61465
61507
61516
61531
61533
61550
61574
61578
61581
61599
61604
61614
61677
61691
61693
61728
61748
61748
61789
61792
61842
61863
61891
61898
61901
61912
61917
61948
61958
61982
61994
62013
62018
62030
62040
62047
62074
62093
62110
62124
62161
62174
62201
62229
62258
62260
62278
62283
62296
62298
62333
62346
62350
62354
62358
62368
62379
62392
62402
62414
62417
62419
62423
62443
62456
62459
62483
62491
62501
62504
62529
62539
62577
62578
62605
62606
62610
62631
62634
62637
62676
62680
62683
62709
62716
62725
62728
62730
62735
62745
62760
62782
62782
62800
62824
62852
62864
62870
62885
62899
62915
62997
63014
63016
63016
63061
63062
63062
63065
63074
63083
63112
63140
63176
63197
63202
63207
63252
63273
63305
63315
63335
63346
63362
63369
63380
63429
63432
63444
63447
63454
63460
63462
63475
63476
63477
63519
63522
63541
63543
63590
63602
63613
63619
63643
63647
63658
63663
63672
63676
63694
63710
63713
63720
63723
63730
63732
63736
63805
63866
63905
63914
63934
63981
63994
64000
64047
64057
64087
64175
64182
64186
64211
64232
64233
64240
64241
64241
64256
64262
64263
64276
64306
64308
64311
64326
64332
64335
64341
64344
64351
64355
64368
64406
64422
64433
64460
64464
64464
64464
64485
64508
64526
64549
64555
64589
64593
64622
64643
64645
64645
64671
64696
64733
64739
64739
64741
64747
64757
64774
64774
64791
64801
64807
64808
64827
64840
64841
64851
64857
64864
64888
64888
64895
64915
64919
64932
64935
64936
64940
64947
64948
64961
64979
64980
64980
65014
65103
65159
65166
65242
65247
65264
65270
65285
65327
65331
65335
65357
65368
65372
65392
65401
65414
65422
65430
65434
65438
65439
65460
65512
65513
65523
65538
65548
65588
65590
65600
65620
65633
65644
65652
65687
65710
65754
65757
65757
65757
65758
65805
65821
65829
65832
65845
65877
65885
65905
65919
65922
65971
65976
65976
66020
66022
66043
66059
66109
66116
66178
66186
66194
66196
66206
66248
66258
66264
66291
66291
66297
66297
66302
66303
66310
66313
66322
66344
66353
66387
66387
66420
66455
66465
66533
66592
66604
66607
66608
66632
66640
66642
66677
66690
66690
66702
66752
66756
66802
66805
66808
66822
66845
66846
66861
66861
66872
66913
66938
66955
66958
66975
66976
66982
67009
67013
67053
67124
67148
67161
67161
67215
67230
67282
67309
67353
67366
67379
67394
67426
67451
67530
67533
67556
67569
67582
67591
67592
67609
67619
67632
67706
67722
67746
67746
67761
67762
67779
67791
67792
67860
67870
67888
67890
67928
67931
67931
67936
67938
67964
67976
67980
67987
67988
68038
68053
68065
68076
68091
68097
68128
68134
68147
68188
68189
68193
68200
68230
68230
68244
68265
68266
68293
68299
68340
68345
68365
68387
68387
68404
68419
68425
68443
68448
68510
68521
68556
68557
68618
68618
68633
68674
68684
68686
68698
68726
68747
68760
68763
68774
68785
68787
68795
68802
68833
68835
68884
68945
68968
68969
68979
68986
68987
68992
69002
69005
69008
69009
69015
69024
69025
69086
69106
69131
69175
69177
69180
69191
69214
69221
69223
69251
69252
69272
69274
69282
69287
69291
69297
69310
69311
69343
69344
69345
69365
69383
69398
69407
69413
69436
69485
69490
69503
69549
69555
69580
69600
69621
69647
69677
69682
69684
69699
69702
69707
69779
69794
69795
69859
69922
69925
69938
69940
69948
69951
69997
69999
70007
70008
70020
70044
70073
70084
70094
70105
70115
70137
70150
70154
70181
70234
70288
70301
70305
70313
70334
70353
70370
70385
70389
70446
70468
70480
70493
70502
70524
70525
70529
70532
70552
70561
70563
70570
70589
70600
70612
70653
70663
70672
70673
70735
70738
70764
70769
70772
70791
70795
70800
70822
70837
70842
70848
70871
70881
70890
70899
70905
70914
70928
70930
70991
70993
70996
71001
71002
71014
71031
71032
71039
71043
71071
71095
71099
71119
71139
71151
71159
71174
71191
71209
71223
71238
71246
71250
71251
71268
71274
71279
71296
71326
71329
71359
71360
71376
71385
71457
71465
71478
71482
71510
71510
71530
71547
71568
71573
71587
71603
71606
71615
71674
71693
71695
71697
71713
71713
71737
71782
71785
71792
71796
71815
71817
71841
71863
71919
71923
71925
71936
71937
71949
71957
71967
71971
71975
72009
72035
72044
72055
72065
72067
72074
72075
72085
72106
72109
72156
72169
72170
72216
72217
72220
72234
72257
72275
72294
72295
72337
72364
72373
72393
72395
72403
72414
72452
72475
72483
72568
72575
72621
72640
72651
72659
72671
72689
72704
72758
72809
72811
72817
72838
72843
72858
72881
72902
72903
72906
72930
72995
72995
72997
73010
73019
73047
73056
73060
73108
73173
73176
73188
73193
73215
73234
73234
73253
73271
73283
73291
73302
73303
73314
73344
73355
73356
73359
73376
73403
73407
73418
73425
73432
73475
73486
73505
73510
73512
73543
73552
73566
73569
73595
73619
73630
73643
73655
73694
73700
73708
73775
73830
73852
73890
73914
73916
73922
73933
73943
73960
73967
73981
73987
73995
73999
74022
74069
74100
74110
74117
74139
74171
74178
74180
74206
74232
74239
74273
74287
74301
74328
74356
74362
74366
74405
74416
74433
74446
74453
74471
74480
74483
74491
74511
74513
74522
74527
74601
74605
74615
74620
74635
74648
74682
74712
74721
74732
74768
74787
74787
74815
74820
74826
74829
74830
74850
74862
74867
74869
74870
74876
74917
74935
74945
74973
74980
74990
75019
75019
75136
75136
75165
75204
75273
75273
75287
75295
75307
75309
75324
75332
75353
75364
75377
75380
75392
75402
75420
75429
75442
75462
75495
75495
75529
75541
75552
75553
75556
75561
75564
75565
75570
75572
75573
75575
75602
75617
75641
75643
75657
75662
75677
75682
75689
75741
75747
75776
75779
75789
75797
75798
75805
75834
75842
75861
75866
75884
75911
75920
75939
75962
75976
75992
76018
76033
76059
76060
76085
76098
76110
76130
76142
76154
76159
76166
76171
76174
76179
76196
76205
76212
76225
76247
76261
76281
76287
76287
76295
76313
76334
76356
76357
76368
76406
76413
76482
76484
76505
76575
76579
76582
76583
76586
76588
76591
76594
76610
76631
76637
76639
76641
76643
76647
76663
76668
76677
76678
76684
76697
76703
76707
76709
76714
76725
76735
76765
76777
76790
76835
76862
76886
76887
76899
76909
76930
76931
76948
76951
76962
76986
76997
77006
77010
77011
77023
77035
77051
77106
77127
77132
77143
77156
77161
77177
77182
77224
77279
77283
77295
77296
77297
77328
77332
77403
77405
77425
77437
77440
77452
77544
77555
77569
77596
77606
77621
77624
77631
77638
77638
77659
77688
77704
77736
77737
77746
77752
77760
77765
77779
77808
77810
77823
77838
77851
77852
77865
77867
77868
77871
77904
77930
77944
77944
77948
77963
78001
78016
78022
78034
78040
78072
78078
78098
78150
78185
78191
78191
78203
78217
78238
78247
78250
78256
78266
78273
78298
78301
78313
78352
78366
78383
78385
78392
78395
78477
78564
78581
78610
78641
78647
78655
78682
78695
78703
78717
78734
78762
78764
78768
78782
78784
78799
78799
78821
78875
78887
78898
78913
78930
78939
78960
78965
78974
78975
78976
78988
79011
79019
79019
79050
79085
79121
79129
79133
79135
79143
79148
79151
79174
79189
79190
79201
79226
79228
79279
79281
79326
79343
79355
79360
79367
79376
79415
79436
79439
79442
79455
79456
79465
79471
79492
79505
79525
79527
79536
79537
79540
79548
79550
79551
79580
79588
79591
79599
79603
79613
79613
79617
79619
79638
79645
79757
79777
79797
79800
79826
79828
79834
79835
79842
79887
79919
79936
79943
80067
80081
80082
80104
80111
80148
80188
80202
80202
80246
80254
80266
80327
80330
80336
80358
80374
80387
80393
80403
80404
80413
80420
80437
80441
80475
80489
80494
80498
80503
80509
80512
80518
80519
80542
80559
80594
80605
80611
80613
80624
80635
80645
80648
80662
80688
80690
80709
80754
80759
80763
80768
80772
80777
80785
80796
80863
80893
80897
80949
80976
80981
80988
80993
81005
81009
81011
81020
81048
81058
81067
81078
81092
81096
81105
81128
81129
81170
81175
81185
81192
81196
81209
81225
81232
81239
81271
81280
81332
81334
81381
81405
81411
81431
81439
81460
81516
81546
81548
81594
81595
81635
81653
81674
81710
81724
81754
81757
81775
81779
81788
81790
81814
81815
81818
81820
81838
81847
81865
81872
81873
81874
81885
81923
81978
81997
82005
82019
82045
82050
82071
82077
82078
82092
82098
82102
82103
82115
82115
82126
82132
82133
82181
82224
82229
82235
82251
82263
82264
82314
82316
82330
82335
82366
82386
82390
82407
82439
82447
82461
82476
82482
82487
82495
82546
82546
82554
82560
82571
82575
82624
82643
82646
82668
82681
82687
82689
82731
82772
82773
82776
82783
82817
82833
82836
82873
82877
82904
82932
82948
82964
82964
82970
82978
83003
83022
83032
83050
83072
83090
83140
83149
83168
83172
83199
83240
83249
83294
83303
83309
83366
83375
83376
83394
83412
83412
83434
83438
83439
83444
83496
83517
83535
83548
83555
83561
83594
83677
83723
83770
83770
83775
83796
83853
83856
83863
83867
83940
83947
83968
83999
84007
84019
84040
84045
84049
84065
84075
84076
84163
84174
84200
84209
84210
84216
84216
84232
84263
84266
84308
84358
84363
84373
84376
84406
84442
84470
84481
84501
84515
84518
84518
84522
84532
84540
84560
84561
84571
84573
84591
84599
84602
84626
84667
84688
84704
84715
84716
84723
84734
84744
84763
84772
84783
84784
84787
84810
84841
84873
84909
84929
84947
84950
84960
84976
84990
85018
85021
85064
85086
85168
85184
85184
85216
85228
85242
85245
85249
85260
85269
85273
85287
85289
85292
85295
85296
85329
85336
85353
85383
85396
85397
85398
85398
85403
85413
85418
85435
85446
85459
85478
85525
85526
85551
85554
85570
85620
85641
85643
85645
85647
85648
85649
85662
85699
85719
85731
85733
85746
85752
85758
85765
85766
85770
85772
85776
85779
85788
85792
85796
85796
85811
85864
85866
85869
85872
85880
85886
85932
85937
85938
85953
85972
85973
85976
85997
86017
86027
86036
86037
86045
86046
86047
86059
86082
86088
86099
86102
86109
86120
86127
86148
86160
86168
86177
86208
86233
86240
86267
86316
86349
86352
86379
86404
86410
86411
86429
86447
86471
86471
86487
86530
86534
86561
86576
86577
86584
86584
86594
86606
86615
86620
86626
86630
86645
86647
86650
86668
86710
86764
86775
86781
86807
86813
86817
86835
86839
86847
86852
86879
86920
86939
86959
86972
86980
86986
87000
87009
87010
87082
87116
87124
87124
87147
87185
87196
87205
87223
87251
87277
87296
87303
87321
87329
87354
87357
87371
87377
87434
87473
87495
87523
87534
87542
87578
87583
87637
87665
87694
87699
87720
87726
87751
87761
87771
87774
87776
87792
87800
87800
87806
87809
87844
87857
87879
87881
87916
87923
87937
87973
88000
88019
88023
88026
88033
88036
88070
88071
88107
88116
88117
88121
88156
88174
88206
88213
88228
88241
88251
88270
88272
88295
88310
88310
88312
88318
88334
88338
88362
88371
88393
88425
88443
88447
88459
88472
88475
88495
88520
88538
88539
88546
88559
88571
88598
88599
88602
88618
88618
88639
88649
88660
88673
88675
88676
88695
88711
88725
88733
88749
88791
88810
88843
88855
88868
88883
88912
88913
88919
88946
88989
88997
89002
89036
89039
89047
89049
89050
89074
89085
89100
89127
89132
89145
89170
89171
89186
89235
89282
89305
89324
89370
89399
89413
89434
89448
89471
89473
89474
89475
89498
89515
89524
89544
89554
89649
89652
89658
89669
89677
89693
89695
89726
89751
89755
89773
89797
89803
89851
89864
89886
89893
89893
89903
89904
89915
89937
89989
89989
89996
90000
90000
90021
90022
90029
90062
90063
90066
90069
90080
90134
90146
90148
90162
90162
90170
90195
90201
90207
90226
90257
90313
90314
90360
90379
90398
90434
90435
90444
90487
90503
90507
90526
90532
90534
90543
90585
90591
90599
90612
90619
90620
90624
90638
90640
90642
90662
90664
90689
90697
90728
90729
90737
90793
90808
90840
90849
90850
90855
90865
90865
90920
90926
90942
90953
90963
90983
90984
90993
91011
91012
91024
91087
91092
91110
91134
91152
91175
91177
91183
91200
91254
91277
91281
91284
91295
91312
91328
91337
91426
91439
91439
91448
91468
91488
91493
91559
91560
91571
91614
91620
91663
91694
91696
91707
91764
91791
91795
91805
91813
91852
91861
91873
91882
91898
91903
91904
91916
91945
91945
91956
91979
91992
92000
92013
92029
92048
92060
92077
92091
92102
92112
92133
92176
92179
92193
92208
92220
92233
92244
92250
92273
92275
92314
92345
92374
92382
92404
92429
92430
92444
92453
92455
92460
92467
92487
92501
92504
92506
92508
92572
92607
92609
92633
92663
92664
92675
92680
92712
92781
92790
92810
92811
92817
92824
92841
92845
92880
92888
92893
92905
92939
92942
92977
92983
92991
93000
93038
93044
93059
93094
93099
93101
93108
93115
93116
93135
93174
93188
93191
93198
93205
93219
93223
93242
93270
93277
93283
93285
93298
93331
93358
93384
93420
93422
93433
93454
93456
93475
93488
93539
93555
93578
93585
93643
93667
93670
93685
93703
93705
93736
93742
93742
93753
93757
93772
93778
93789
93819
93830
93850
93857
93877
93927
93940
93974
93988
94003
94010
94014
94024
94027
94040
94077
94081
94114
94124
94128
94186
94186
94229
94255
94275
94286
94334
94382
94409
94417
94425
94425
94447
94471
94485
94489
94505
94525
94541
94568
94597
94603
94613
94621
94625
94649
94651
94660
94676
94697
94705
94710
94735
94736
94751
94765
94783
94823
94827
94835
94835
94837
94846
94881
94895
94921
94926
94948
94999
95017
95049
95071
95085
95146
95161
95195
95196
95198
95200
95201
95243
95258
95265
95267
95306
95320
95330
95337
95350
95353
95354
95366
95422
95434
95438
95440
95448
95460
95462
95463
95478
95479
95485
95530
95540
95546
95551
95596
95625
95667
95679
95695
95709
95717
95722
95728
95740
95778
95821
95826
95848
95856
95871
95882
95888
95891
95910
95913
95921
95935
95939
95954
95970
96010
96013
96033
96048
96055
96060
96063
96078
96113
96126
96151
96176
96179
96182
96183
96203
96263
96340
96341
96350
96357
96393
96397
96404
96413
96441
96450
96468
96470
96508
96510
96520
96577
96596
96682
96689
96727
96736
96759
96762
96780
96789
96811
96823
96828
96852
96874
96878
96912
96917
96918
96929
96942
96954
96964
96966
96968
96970
97008
97015
97022
97026
97037
97045
97058
97136
97137
97138
97174
97201
97202
97204
97213
97226
97249
97253
97263
97274
97276
97286
97361
97364
97365
97367
97421
97434
97437
97446
97457
97474
97510
97538
97571
97583
97597
97605
97606
97614
97643
97677
97703
97719
97757
97794
97802
97830
97834
97863
97873
97878
97894
97896
97911
97912
97919
97923
97928
97929
97929
97936
97982
98023
98025
98031
98040
98070
98098
98098
98123
98127
98152
98176
98177
98182
98182
98183
98212
98213
98317
98328
98345
98347
98390
98393
98408
98434
98450
98462
98476
98479
98483
98487
98492
98498
98562
98563
98568
98574
98595
98600
98614
98617
98628
98641
98674
98675
98705
98724
98733
98733
98746
98766
98772
98775
98784
98784
98791
98809
98839
98846
98867
98869
98877
98892
98914
98919
98928
98932
98970
98978
98979
98981
99024
99026
99059
99061
99065
99067
99087
99106
99108
99139
99144
99161
99163
99180
99188
99199
99204
99214
99217
99230
99236
99275
99318
99320
99336
99345
99347
99353
99355
99389
99398
99434
99434
99440
99453
99464
99470
99484
99491
99515
99545
99545
99551
99563
99571
99612
99623
99627
99633
99656
99668
99678
99703
99729
99758
99768
99790
99806
99823
99826
99828
99844
99846
99850
99852
99918
99937
99948
99999
