27
34
51
87
89
90
95
96
127
131
180
193
203
207
214
242
273
295
298
301
313
322
324
325
337
386
406
411
421
501
512
512
523
555
582
611
656
665
666
707
721
728
730
737
774
777
844
849
860
867
922
933
943
954
976
1000
1015
1029
1080
1096
1097
1098
1108
1125
1150
1152
1164
1177
1193
1248
1269
1313
1328
1345
1364
1365
1376
1388
1393
1415
1426
1458
1575
1594
1606
1629
1630
1632
1640
1643
1651
1655
1658
1675
1712
1723
1732
1745
1746
1775
1810
1816
1824
1925
1947
1958
1958
1959
1960
1962
1968
1972
1983
1990
2011
2024
2027
2036
2048
2051
2056
2062
2075
2115
2162
2171
2220
2246
2282
2298
2298
2301
2329
2332
2352
2440
2460
2462
2467
2483
2511
2541
2558
2575
2587
2604
2659
2674
2682
2696
2701
2704
2706
2707
2708
2712
2720
2741
2761
2777
2791
2820
2829
2835
2836
2844
2877
2879
2891
2894
2906
2915
2916
2918
2969
2996
3004
3007
3014
3021
3028
3041
3042
3085
3085
3086
3088
3103
3122
3132
3171
3189
3201
3231
3278
3296
3302
3308
3310
3312
3320
3367
3404
3475
3532
3564
3565
3572
3580
3582
3594
3606
3647
3652
3661
3687
3696
3707
3708
3733
3735
3739
3743
3747
3756
3779
3816
3843
3871
3912
3912
3917
3920
3921
3939
3950
3973
4028
4035
4049
4050
4066
4080
4081
4089
4100
4113
4114
4128
4168
4194
4199
4201
4215
4225
4246
4265
4312
4331
4353
4395
4399
4434
4449
4515
4585
4595
4609
4610
4623
4636
4645
4687
4695
4705
4724
4796
4824
4850
4863
4904
4908
4916
4945
4950
4952
4958
4966
4971
4975
4980
5017
5025
5053
5091
5098
5102
5116
5122
5132
5136
5152
5216
5220
5297
5299
5302
5322
5336
5351
5392
5399
5406
5412
5421
5438
5438
5466
5483
5487
5495
5534
5541
5553
5554
5567
5632
5640
5650
5696
5716
5729
5735
5736
5778
5792
5793
5796
5821
5835
5865
5870
5883
5926
5929
5932
5937
5950
5969
5993
6004
6015
6058
6082
6085
6097
6103
6104
6109
6112
6120
6189
6192
6207
6218
6224
6239
6240
6280
6283
6299
6315
6329
6344
6363
6376
6386
6398
6410
6426
6442
6451
6462
6493
6497
6508
6579
6584
6590
6629
6632
6665
6694
6696
6696
6712
6739
6755
6774
6778
6781
6789
6810
6813
6826
6853
6860
6863
6881
6882
6886
6912
6915
6924
6925
6930
6933
6973
6985
6992
6996
7031
7095
7112
7112
7134
7136
7139
7140
7155
7223
7223
7257
7264
7280
7286
7300
7312
7384
7397
7432
7447
7464
7484
7506
7522
7528
7600
7602
7604
7640
7673
7687
7697
7698
7733
7742
7755
7769
7771
7805
7813
7813
7832
7838
7853
7859
7864
7884
7891
7931
7945
7955
7966
7967
7967
7976
7982
7983
7984
7987
7997
8028
8030
8036
8090
8096
8110
8118
8154
8183
8208
8220
8223
8227
8239
8248
8255
8274
8289
8290
8295
8308
8317
8334
8335
8341
8346
8351
8367
8372
8381
8417
8427
8441
8454
8465
8507
8520
8539
8547
8564
8621
8670
8682
8684
8705
8722
8789
8804
8818
8883
8915
8972
9022
9062
9063
9102
9107
9112
9114
9154
9156
9182
9187
9199
9213
9236
9242
9243
9243
9256
9261
9284
9291
9298
9304
9335
9363
9402
9404
9405
9410
9416
9418
9427
9452
9465
9467
9469
9484
9495
9501
9505
9520
9524
9529
9548
9595
9597
9599
9630
9644
9655
9686
9689
9692
9699
9735
9751
9757
9762
9762
9764
9768
9793
9830
9839
9866
9884
9924
9967
9977
9999
10015
10030
10038
10045
10067
10083
10090
10090
10096
10099
10114
10120
10128
10142
10151
10162
10163
10164
10166
10184
10200
10230
10246
10272
10294
10324
10396
10422
10447
10450
10454
10465
10478
10509
10516
10551
10570
10575
10583
10584
10631
10635
10643
10659
10681
10682
10701
10704
10718
10737
10745
10767
10866
10874
10881
10891
10898
10905
10908
10909
10942
10949
10969
10974
10988
10988
10999
11024
11031
11035
11035
11048
11059
11062
11072
11088
11094
11099
11104
11119
11124
11134
11180
11202
11212
11213
11224
11243
11255
11263
11300
11302
11309
11341
11383
11383
11405
11418
11441
11446
11446
11447
11472
11473
11485
11486
11492
11498
11511
11524
11548
11550
11573
11587
11607
11616
11639
11660
11683
11721
11727
11744
11757
11777
11800
11804
11815
11843
11852
11860
11884
11893
11895
11927
11952
11999
12008
12072
12076
12085
12110
12124
12175
12195
12212
12236
12243
12249
12251
12272
12291
12292
12295
12323
12327
12341
12345
12361
12368
12368
12394
12400
12419
12431
12436
12494
12494
12536
12565
12595
12611
12625
12663
12691
12691
12723
12723
12749
12759
12778
12825
12839
12860
12876
12918
12933
12940
12959
12988
13028
13054
13077
13081
13112
13133
13133
13133
13139
13151
13175
13196
13208
13209
13211
13214
13242
13248
13249
13259
13281
13290
13314
13324
13334
13353
13356
13375
13412
13413
13436
13453
13466
13502
13505
13518
13525
13538
13546
13548
13554
13559
13597
13609
13614
13616
13658
13676
13683
13690
13712
13717
13732
13772
13776
13783
13814
13815
13832
13835
13845
13858
13858
13916
13925
13931
13936
13971
13992
14010
14011
14021
14061
14065
14076
14082
14085
14099
14108
14110
14114
14126
14138
14143
14156
14182
14195
14223
14243
14326
14341
14343
14361
14361
14362
14372
14409
14411
14423
14437
14459
14499
14505
14513
14521
14543
14559
14575
14592
14592
14628
14639
14646
14649
14666
14671
14673
14694
14712
14714
14727
14749
14757
14757
14759
14765
14774
14776
14780
14781
14782
14785
14809
14821
14850
14859
14862
14875
14877
14886
14907
14920
14927
14945
14962
14980
14981
14992
14999
15025
15025
15044
15066
15074
15122
15131
15135
15141
15145
15148
15153
15176
15188
15201
15201
15219
15226
15286
15326
15375
15380
15389
15430
15435
15479
15481
15486
15517
15521
15537
15564
15564
15617
15626
15655
15662
15675
15684
15732
15733
15755
15763
15789
15790
15796
15819
15819
15833
15839
15844
15903
15921
15935
15949
15960
16002
16004
16038
16057
16061
16203
16240
16249
16338
16357
16366
16393
16413
16429
16442
16444
16469
16470
16509
16541
16549
16571
16577
16578
16582
16621
16631
16641
16655
16668
16669
16704
16709
16710
16714
16750
16760
16782
16785
16793
16798
16821
16829
16839
16864
16866
16867
16868
16872
16877
16916
16930
16932
16972
17006
17014
17021
17036
17036
17073
17093
17103
17109
17115
17188
17210
17230
17238
17241
17251
17312
17312
17371
17375
17385
17385
17410
17414
17428
17510
17512
17538
17554
17565
17608
17619
17662
17705
17709
17722
17726
17729
17750
17757
17803
17819
17833
17833
17866
17885
17887
17944
17961
17966
18000
18020
18027
18040
18059
18067
18073
18077
18092
18179
18180
18190
18201
18202
18208
18226
18226
18249
18252
18259
18297
18310
18318
18328
18334
18336
18346
18362
18364
18370
18375
18389
18485
18504
18506
18530
18548
18573
18597
18604
18615
18660
18687
18696
18697
18711
18712
18717
18725
18731
18754
18763
18782
18798
18821
18846
18851
18872
18902
18914
18943
18948
19006
19015
19020
19029
19048
19058
19062
19083
19095
19103
19116
19117
19123
19131
19153
19161
19201
19201
19226
19255
19280
19315
19322
19325
19333
19355
19367
19393
19409
19436
19446
19480
19490
19498
19518
19526
19534
19560
19573
19579
19593
19593
19645
19708
19708
19713
19748
19760
19774
19811
19827
19869
19872
19890
19897
19901
19915
19936
19941
19960
19980
19981
19996
20034
20100
20100
20101
20104
20134
20147
20188
20201
20227
20231
20245
20262
20285
20297
20311
20317
20374
20378
20411
20433
20446
20448
20471
20478
20501
20553
20570
20585
20597
20638
20645
20648
20662
20662
20668
20679
20682
20734
20737
20767
20770
20780
20788
20799
20804
20834
20834
20844
20855
20886
20894
20908
20911
20920
20942
20945
20962
20974
20978
20984
20986
20995
21002
21023
21028
21030
21087
21091
21131
21138
21141
21152
21154
21166
21182
21203
21220
21223
21232
21236
21244
21261
21284
21296
21324
21333
21333
21352
21396
21414
21433
21436
21441
21446
21449
21467
21469
21471
21480
21545
21546
21581
21607
21618
21638
21639
21646
21647
21652
21691
21724
21732
21744
21767
21773
21780
21781
21793
21794
21808
21853
21886
21910
21977
21989
21998
22001
22011
22042
22052
22054
22075
22075
22088
22107
22146
22152
22177
22211
22221
22228
22248
22250
22269
22271
22271
22273
22284
22288
22298
22331
22342
22343
22353
22357
22364
22393
22400
22410
22423
22453
22469
22494
22513
22550
22555
22582
22612
22614
22632
22657
22660
22668
22671
22721
22734
22736
22755
22762
22789
22791
22809
22828
22839
22887
22895
22896
22921
22931
22942
22963
22980
22989
22992
22998
23011
23064
23071
23073
23099
23123
23136
23152
23184
23202
23204
23219
23233
23239
23249
23262
23281
23285
23286
23314
23316
23335
23336
23367
23372
23412
23433
23459
23462
23487
23488
23493
23512
23522
23541
23546
23554
23601
23609
23613
23620
23627
23636
23637
23657
23660
23661
23695
23702
23735
23739
23743
23754
23786
23796
23821
23823
23828
23847
23856
23901
23903
23906
23936
23945
23963
23971
23975
23982
23996
23999
24008
24024
24028
24061
24074
24080
24088
24088
24098
24107
24112
24114
24121
24149
24167
24168
24195
24241
24244
24252
24265
24269
24287
24321
24328
24342
24359
24361
24363
24426
24429
24437
24463
24482
24489
24516
24612
24612
24646
24648
24652
24662
24671
24681
24681
24703
24726
24740
24806
24828
24830
24834
24861
24899
24901
24903
24911
24913
24924
24926
24957
24963
24975
24978
24992
25098
25114
25129
25138
25186
25191
25203
25216
25252
25259
25275
25288
25307
25338
25345
25350
25352
25369
25388
25396
25406
25420
25424
25427
25453
25458
25462
25464
25467
25470
25470
25583
25583
25599
25606
25622
25662
25670
25671
25680
25693
25727
25728
25739
25758
25803
25814
25816
25833
25845
25847
25850
25856
25856
25899
25925
25972
25991
25992
25993
26051
26063
26075
26088
26090
26091
26110
26121
26140
26143
26174
26176
26177
26178
26210
26225
26235
26249
26283
26287
26304
26328
26337
26339
26344
26345
26372
26435
26538
26540
26544
26552
26590
26659
26756
26794
26805
26831
26836
26852
26866
26868
26869
26902
26903
26908
26929
26929
26977
27000
27007
27016
27062
27065
27101
27119
27129
27132
27216
27217
27241
27273
27286
27287
27290
27298
27306
27308
27336
27351
27371
27378
27415
27431
27441
27447
27449
27458
27463
27527
27569
27574
27598
27601
27610
27621
27638
27655
27657
27659
27663
27707
27711
27711
27717
27720
27743
27755
27755
27787
27810
27832
27837
27841
27894
27896
27907
27934
27965
27988
27998
28002
28015
28026
28030
28068
28094
28097
28101
28102
28113
28140
28147
28174
28219
28262
28287
28310
28328
28330
28338
28347
28352
28366
28381
28405
28412
28419
28424
28450
28454
28455
28518
28548
28561
28567
28580
28581
28592
28606
28649
28677
28696
28736
28737
28742
28830
28865
28870
28927
28966
28967
29016
29031
29041
29053
29072
29076
29076
29087
29100
29108
29137
29208
29214
29268
29270
29279
29296
29334
29335
29339
29354
29355
29358
29361
29385
29403
29415
29424
29426
29447
29453
29458
29462
29463
29475
29507
29517
29535
29543
29555
29556
29558
29568
29581
29589
29597
29612
29613
29620
29650
29652
29669
29671
29677
29709
29739
29743
29753
29762
29777
29779
29788
29812
29833
29854
29867
29886
29926
29935
29951
29976
29999
30017
30025
30028
30054
30063
30064
30087
30099
30106
30154
30199
30217
30218
30227
30230
30231
30242
30254
30259
30269
30300
30305
30334
30337
30337
30344
30398
30403
30416
30423
30442
30496
30496
30504
30506
30517
30526
30546
30549
30566
30583
30590
30603
30623
30627
30642
30643
30651
30652
30667
30702
30702
30710
30717
30720
30737
30753
30763
30781
30785
30786
30790
30792
30822
30824
30837
30837
30845
30861
30868
30882
30889
30909
30914
30943
30944
30958
30976
30983
30988
30994
31005
31021
31023
31031
31063
31067
31070
31075
31085
31086
31089
31091
31106
31125
31130
31157
31163
31166
31169
31191
31243
31247
31264
31304
31322
31325
31355
31394
31430
31442
31498
31513
31516
31535
31557
31579
31607
31627
31646
31664
31670
31700
31706
31730
31732
31745
31748
31759
31766
31768
31774
31793
31798
31802
31803
31805
31807
31808
31813
31815
31826
31832
31838
31850
31860
31901
31916
31955
31956
31961
31987
32006
32022
32025
32068
32076
32107
32125
32145
32146
32151
32154
32160
32174
32175
32180
32193
32210
32250
32252
32261
32279
32279
32286
32295
32325
32364
32371
32382
32416
32467
32482
32484
32499
32507
32509
32564
32572
32578
32600
32605
32632
32633
32633
32638
32673
32676
32679
32716
32719
32772
32774
32775
32775
32783
32786
32803
32831
32856
32864
32880
32888
32889
32893
32900
32921
32923
32932
32945
32953
32957
32995
33001
33005
33019
33019
33033
33048
33054
33065
33066
33068
33080
33098
33133
33150
33156
33162
33170
33216
33236
33250
33263
33284
33285
33312
33320
33336
33352
33388
33425
33467
33468
33472
33482
33489
33548
33549
33579
33599
33610
33627
33641
33703
33710
33733
33739
33775
33791
33916
33918
33919
33972
34004
34056
34065
34068
34081
34088
34120
34121
34130
34149
34161
34173
34233
34239
34247
34290
34298
34302
34303
34314
34322
34327
34327
34335
34338
34359
34383
34384
34393
34422
34427
34432
34444
34467
34475
34476
34477
34482
34490
34511
34581
34584
34589
34591
34592
34600
34605
34612
34617
34628
34647
34671
34683
34697
34699
34706
34709
34720
34746
34755
34762
34795
34797
34812
34813
34815
34817
34823
34829
34901
34945
34949
34954
34970
34972
34977
34977
35034
35040
35042
35083
35091
35094
35099
35110
35116
35121
35142
35147
35169
35175
35176
35179
35192
35215
35228
35235
35256
35263
35275
35277
35288
35288
35295
35296
35336
35376
35379
35397
35399
35415
35436
35491
35510
35536
35584
35620
35649
35666
35673
35688
35698
35707
35726
35761
35767
35769
35781
35805
35845
35847
35855
35870
35891
35892
35896
35902
35915
35918
35922
35923
35924
35925
35975
35983
35989
36020
36022
36023
36028
36037
36047
36053
36064
36084
36099
36124
36139
36166
36180
36180
36209
36233
36247
36261
36283
36286
36287
36291
36302
36315
36316
36319
36331
36332
36336
36347
36351
36371
36388
36390
36391
36391
36480
36500
36503
36536
36538
36560
36573
36574
36587
36596
36606
36621
36638
36643
36654
36658
36696
36696
36697
36741
36744
36793
36844
36845
36855
36855
36861
36862
36865
36875
36897
36910
36911
36921
36941
36948
36975
37054
37076
37082
37085
37086
37088
37113
37166
37225
37228
37231
37246
37283
37294
37294
37297
37352
37368
37369
37390
37394
37431
37435
37439
37450
37474
37484
37521
37535
37536
37555
37619
37643
37657
37666
37669
37687
37708
37714
37743
37754
37771
37772
37778
37789
37820
37838
37861
37867
37877
37884
37887
37907
37920
37921
37938
37942
37965
38012
38042
38052
38075
38078
38089
38096
38098
38123
38123
38127
38155
38163
38175
38187
38194
38229
38255
38265
38303
38309
38312
38313
38318
38325
38353
38360
38362
38376
38393
38422
38447
38449
38453
38501
38507
38512
38515
38527
38556
38571
38595
38615
38630
38633
38638
38655
38672
38686
38711
38731
38775
38781
38807
38810
38884
38904
38907
38929
38958
38963
38978
38978
38986
38998
39003
39027
39041
39054
39070
39075
39088
39121
39147
39150
39160
39169
39224
39225
39252
39262
39269
39270
39271
39271
39280
39288
39322
39331
39372
39377
39385
39391
39392
39400
39404
39411
39419
39435
39440
39455
39459
39463
39475
39488
39532
39590
39615
39615
39630
39654
39691
39718
39723
39735
39750
39781
39784
39793
39810
39825
39825
39832
39862
39863
39865
39895
39897
39914
39918
39922
39941
39942
39958
39961
39987
40002
40041
40067
40076
40095
40114
40115
40116
40160
40168
40169
40178
40189
40204
40226
40241
40242
40281
40311
40314
40320
40335
40345
40357
40386
40387
40397
40423
40426
40437
40440
40448
40472
40523
40578
40611
40628
40633
40654
40670
40678
40679
40687
40696
40704
40712
40742
40755
40759
40761
40788
40802
40805
40820
40825
40889
40931
40937
40945
40959
40962
40988
41040
41046
41053
41069
41083
41093
41114
41147
41186
41187
41189
41197
41249
41250
41271
41289
41312
41334
41340
41351
41354
41365
41367
41377
41388
41404
41407
41458
41458
41524
41543
41617
41629
41666
41672
41695
41697
41703
41741
41746
41748
41749
41752
41792
41799
41800
41803
41807
41810
41832
41841
41873
41874
41874
41880
41916
41927
41929
41944
41963
41964
41979
42025
42033
42054
42111
42145
42149
42168
42187
42197
42206
42206
42206
42213
42214
42260
42260
42290
42294
42306
42339
42351
42371
42371
42373
42444
42472
42475
42479
42527
42549
42555
42571
42609
42610
42625
42626
42629
42652
42658
42683
42709
42718
42734
42777
42780
42796
42803
42815
42831
42853
42908
42917
42931
42939
42942
42967
42975
42978
43000
43026
43044
43052
43070
43087
43100
43100
43108
43110
43119
43123
43163
43179
43186
43208
43268
43293
43294
43313
43322
43443
43443
43445
43468
43521
43547
43550
43565
43577
43598
43599
43611
43621
43621
43625
43629
43751
43761
43770
43775
43775
43803
43810
43838
43845
43847
43902
43921
43944
43957
43961
43988
44005
44019
44019
44043
44148
44177
44203
44260
44263
44266
44276
44285
44305
44342
44347
44361
44362
44383
44388
44407
44408
44415
44415
44451
44453
44468
44500
44511
44521
44539
44568
44588
44610
44613
44617
44652
44662
44663
44678
44692
44719
44728
44741
44748
44858
44860
44920
44924
44947
44973
44973
44974
44978
44990
45000
45000
45003
45015
45025
45031
45032
45051
45058
45068
45113
45144
45161
45161
45168
45169
45175
45176
45179
45184
45190
45192
45214
45236
45254
45264
45274
45299
45319
45355
45367
45416
45422
45427
45431
45439
45449
45491
45518
45538
45548
45550
45569
45598
45603
45608
45646
45653
45659
45668
45689
45691
45704
45721
45727
45733
45773
45785
45788
45810
45823
45862
45869
45916
45923
45942
45944
45986
46013
46043
46088
46120
46157
46157
46170
46182
46202
46215
46215
46220
46230
46239
46286
46294
46300
46303
46307
46317
46320
46327
46359
46361
46372
46380
46387
46388
46392
46431
46523
46531
46604
46614
46625
46637
46665
46672
46690
46691
46724
46735
46744
46747
46749
46762
46765
46792
46792
46796
46811
46816
46822
46856
46874
46878
46880
46894
46908
46910
46914
46919
46939
46966
46996
47008
47012
47013
47056
47062
47068
47095
47106
47110
47110
47111
47115
47124
47137
47173
47181
47182
47218
47247
47252
47258
47269
47311
47311
47312
47312
47322
47323
47330
47331
47348
47349
47351
47355
47356
47371
47372
47374
47396
47402
47418
47421
47422
47485
47492
47518
47540
47542
47554
47557
47560
47582
47592
47595
47606
47618
47624
47647
47690
47733
47740
47753
47761
47787
47822
47859
47864
47879
47913
47917
47947
47953
47973
48027
48029
48040
48046
48074
48082
48090
48091
48133
48170
48212
48227
48238
48249
48256
48262
48274
48287
48313
48322
48341
48355
48376
48388
48396
48400
48444
48474
48507
48511
48530
48531
48553
48558
48593
48596
48599
48600
48629
48635
48654
48672
48731
48764
48784
48794
48804
48812
48813
48849
48851
48855
48866
48882
48913
48937
48944
48946
48969
48970
49005
49006
49018
49024
49050
49050
49066
49101
49102
49109
49110
49124
49134
49139
49158
49162
49182
49182
49184
49220
49266
49268
49271
49274
49279
49287
49303
49305
49318
49334
49338
49342
49345
49352
49401
49408
49424
49430
49443
49482
49508
49514
49527
49619
49622
49628
49644
49650
49652
49664
49691
49717
49721
49723
49724
49749
49763
49780
49783
49789
49790
49802
49808
49838
49857
49875
49882
49890
49903
49937
49950
49981
50000
50034
50037
50040
50076
50111
50127
50149
50165
50168
50176
50177
50188
50235
50268
50295
50308
50316
50339
50353
50354
50364
50383
50387
50399
50405
50434
50440
50459
50482
50486
50504
50511
50632
50641
50654
50683
50684
50711
50720
50722
50728
50728
50740
50760
50762
50809
50815
50817
50824
50825
50922
50926
50942
50989
50990
51007
51042
51054
51060
51076
51080
51087
51096
51104
51182
51184
51185
51211
51231
51232
51236
51240
51261
51272
51278
51288
51296
51339
51340
51347
51358
51363
51411
51427
51444
51485
51485
51509
51523
51527
51550
51590
51660
51664
51705
51739
51741
51751
51763
51763
51766
51777
51797
51806
51833
51840
51844
51846
51867
51870
51871
51872
51905
51919
51920
51921
51941
51943
51966
52000
52004
52010
52024
52030
52035
52058
52073
52082
52089
52117
52135
52135
52139
52144
52155
52156
52158
52163
52181
52200
52255
52261
52270
52275
52276
52292
52302
52306
52312
52318
52335
52343
52344
52367
52372
52389
52405
52432
52446
52458
52483
52506
52512
52521
52534
52535
52544
52556
52564
52578
52589
52605
52611
52616
52655
52678
52678
52682
52712
52713
52731
52771
52779
52780
52780
52794
52812
52817
52830
52846
52900
52900
52913
52920
52934
52945
52967
52972
52983
52987
52998
53029
53036
53037
53050
53060
53074
53094
53094
53097
53105
53107
53155
53160
53210
53242
53243
53262
53264
53320
53323
53329
53362
53364
53369
53392
53430
53432
53433
53461
53464
53529
53550
53555
53576
53586
53603
53667
53675
53685
53700
53731
53739
53764
53779
53780
53788
53792
53796
53819
53846
53861
53863
53903
53914
53954
53995
54005
54014
54018
54040
54046
54061
54068
54114
54139
54194
54199
54205
54207
54234
54235
54243
54251
54252
54268
54268
54272
54276
54277
54295
54306
54329
54349
54357
54368
54435
54437
54439
54439
54450
54516
54542
54551
54554
54564
54567
54569
54569
54580
54582
54587
54663
54686
54689
54724
54725
54788
54796
54810
54827
54828
54832
54865
54866
54957
54957
54968
54985
55008
55009
55017
55031
55042
55053
55079
55128
55128
55140
55143
55148
55175
55178
55190
55198
55225
55247
55255
55276
55299
55315
55364
55392
55403
55434
55437
55444
55467
55502
55525
55558
55562
55572
55591
55635
55651
55700
55721
55767
55781
55809
55819
55833
55834
55852
55854
55869
55883
55883
55896
55899
55909
55955
55964
55971
55980
56004
56019
56079
56082
56122
56126
56127
56138
56153
56184
56194
56229
56239
56260
56269
56314
56347
56358
56364
56396
56405
56446
56451
56459
56463
56496
56514
56514
56522
56523
56527
56545
56582
56583
56591
56600
56601
56713
56714
56751
56764
56776
56803
56823
56835
56839
56858
56879
56942
56978
56984
56995
57050
57099
57100
57101
57113
57116
57123
57262
57264
57266
57302
57304
57307
57322
57327
57333
57333
57399
57427
57428
57433
57433
57443
57452
57472
57514
57535
57546
57566
57586
57606
57653
57656
57708
57710
57718
57724
57730
57731
57732
57734
57735
57736
57739
57745
57755
57758
57761
57795
57812
57859
57882
57884
57892
57909
57910
57937
57976
57994
58004
58011
58019
58058
58079
58094
58096
58099
58122
58127
58139
58144
58154
58156
58173
58178
58188
58193
58198
58209
58241
58252
58314
58322
58344
58345
58351
58363
58409
58452
58461
58523
58524
58538
58579
58586
58593
58606
58615
58617
58625
58627
58630
58646
58648
58658
58680
58714
58753
58754
58755
58757
58764
58796
58813
58820
58840
58844
58866
58866
58876
58901
58906
58936
58941
58943
58970
58982
59019
59070
59079
59090
59099
59115
59143
59150
59163
59168
59211
59245
59246
59253
59279
59300
59317
59329
59348
59353
59359
59368
59379
59412
59428
59443
59444
59463
59516
59533
59573
59576
59597
59599
59611
59653
59697
59698
59708
59745
59758
59758
59776
59778
59795
59805
59816
59825
59856
59888
59975
59985
59988
59996
60058
60062
60071
60099
60104
60117
60140
60154
60168
60183
60185
60200
60201
60204
60236
60243
60257
60273
60304
60318
60326
60339
60390
60391
60419
60419
60429
60430
60434
60451
60466
60468
60474
60483
60487
60505
60510
60534
60542
60549
60554
60569
60610
60622
60628
60641
60663
60687
60730
60734
60745
60762
60770
60781
60804
60814
60818
60857
60877
60890
60910
60927
60947
60953
60956
60979
60983
60984
60988
61040
61051
61117
61145
61146
61182
61198
61246
61247
61264
61298
61304
61317
61328
61340
61374
61398
61404
61416
61433
61452
61487
61492
61505
61510
61528
61580
61589
61589
61597
61610
61624
61625
61636
61661
61673
61673
61680
61701
61704
61734
61737
61744
61768
61785
61811
61839
61843
61845
61866
61867
61871
61872
61884
61933
61937
61947
61957
61983
61988
61991
62054
62080
62149
62158
62158
62191
62229
62233
62236
62245
62255
62265
62274
62288
62288
62301
62315
62324
62326
62341
62343
62393
62429
62430
62465
62546
62550
62642
62646
62672
62682
62703
62706
62708
62717
62728
62737
62746
62772
62774
62776
62791
62799
62800
62842
62844
62871
62919
62921
62921
62931
62978
63009
63010
63013
63020
63023
63030
63039
63043
63054
63065
63081
63084
63094
63108
63161
63164
63166
63170
63170
63197
63204
63213
63233
63233
63269
63277
63287
63300
63301
63319
63331
63398
63411
63422
63443
63445
63448
63496
63534
63536
63563
63563
63566
63574
63586
63597
63610
63624
63635
63669
63695
63706
63732
63733
63736
63753
63762
63766
63813
63818
63828
63852
63856
63857
63859
63927
64015
64018
64024
64036
64051
64057
64070
64092
64161
64161
64188
64231
64287
64288
64318
64319
64324
64329
64334
64335
64356
64377
64379
64383
64386
64396
64411
64516
64521
64527
64534
64583
64620
64646
64684
64693
64730
64740
64806
64816
64839
64852
64853
64885
64887
64895
64908
64910
64931
64943
64944
64975
64992
64995
65029
65030
65036
65069
65071
65102
65110
65118
65119
65125
65144
65147
65153
65216
65245
65279
65282
65285
65350
65368
65405
65430
65435
65471
65472
65484
65498
65522
65525
65546
65596
65598
65609
65624
65631
65648
65651
65665
65678
65691
65710
65722
65723
65739
65785
65791
65803
65805
65811
65818
65863
65886
65894
65898
65907
65932
65953
65953
65983
65986
65990
66018
66023
66029
66042
66079
66087
66095
66125
66152
66175
66181
66202
66208
66212
66213
66213
66238
66239
66255
66267
66272
66315
66319
66321
66331
66335
66355
66355
66368
66368
66402
66402
66405
66435
66468
66469
66472
66473
66481
66502
66517
66528
66570
66611
66622
66623
66642
66643
66671
66693
66699
66699
66704
66718
66724
66730
66731
66736
66755
66771
66778
66824
66835
66854
66858
66882
66888
66897
66922
66924
66950
66962
66984
66991
67018
67048
67085
67090
67106
67118
67125
67125
67133
67140
67144
67145
67179
67200
67204
67208
67211
67235
67240
67243
67251
67302
67317
67341
67354
67372
67376
67403
67416
67418
67433
67439
67493
67494
67495
67566
67568
67594
67619
67621
67623
67627
67633
67676
67677
67689
67745
67788
67790
67821
67863
67879
67883
67894
67920
67932
67976
67993
68041
68051
68075
68078
68106
68115
68130
68148
68164
68178
68228
68241
68255
68256
68301
68340
68351
68364
68375
68430
68431
68461
68468
68477
68478
68498
68519
68522
68524
68526
68529
68568
68577
68583
68587
68607
68609
68609
68610
68638
68654
68659
68669
68684
68705
68736
68739
68797
68803
68837
68841
68854
68860
68865
68903
68906
68908
68909
68921
68936
68946
68948
69026
69051
69062
69063
69072
69079
69087
69087
69136
69154
69169
69179
69188
69190
69215
69223
69261
69263
69265
69268
69270
69271
69272
69291
69371
69372
69377
69393
69396
69411
69435
69442
69458
69462
69495
69503
69507
69552
69578
69593
69599
69640
69641
69645
69648
69660
69667
69688
69690
69692
69700
69776
69782
69805
69812
69842
69855
69897
69905
69922
69932
69935
69948
69968
69974
69980
69993
69995
70018
70033
70033
70037
70051
70093
70147
70148
70155
70160
70163
70173
70181
70182
70197
70211
70234
70241
70246
70259
70269
70283
70286
70431
70448
70449
70459
70461
70466
70514
70522
70527
70533
70537
70548
70560
70571
70581
70627
70673
70674
70696
70735
70775
70776
70778
70787
70818
70826
70866
70867
70871
70890
70899
71004
71025
71034
71041
71046
71077
71139
71157
71178
71197
71204
71231
71236
71238
71248
71265
71265
71304
71347
71360
71382
71391
71397
71434
71440
71442
71454
71464
71496
71522
71555
71563
71570
71576
71582
71600
71610
71624
71632
71636
71637
71639
71669
71672
71699
71712
71726
71733
71737
71744
71747
71812
71862
71867
71883
71885
71887
71893
71895
71940
71965
71979
71988
71993
71997
72007
72017
72052
72064
72078
72096
72097
72114
72117
72117
72121
72125
72139
72179
72188
72196
72198
72216
72222
72266
72289
72329
72336
72346
72396
72396
72398
72400
72411
72413
72418
72437
72441
72467
72467
72468
72469
72469
72470
72474
72510
72533
72533
72553
72556
72558
72569
72583
72597
72601
72611
72622
72646
72675
72690
72699
72705
72706
72710
72741
72812
72822
72833
72835
72835
72848
72882
72908
72929
72949
72958
72966
73000
73001
73039
73047
73064
73067
73067
73072
73093
73107
73110
73126
73148
73154
73157
73198
73200
73213
73221
73224
73227
73233
73258
73307
73346
73352
73364
73367
73396
73400
73430
73446
73456
73462
73466
73468
73470
73471
73480
73496
73515
73517
73526
73538
73547
73559
73567
73584
73586
73602
73606
73608
73620
73624
73636
73649
73651
73694
73702
73720
73723
73756
73761
73765
73785
73806
73818
73828
73831
73858
73859
73902
73929
73947
73955
73956
73957
73958
73960
73969
73979
73986
73993
74034
74046
74048
74070
74076
74132
74135
74149
74160
74161
74162
74166
74173
74176
74192
74197
74197
74202
74204
74292
74295
74311
74315
74337
74344
74434
74444
74448
74478
74509
74524
74531
74550
74592
74605
74608
74624
74625
74628
74696
74712
74726
74727
74768
74802
74807
74818
74823
74838
74851
74856
74883
74905
74929
74955
74966
74998
74999
75005
75012
75018
75041
75048
75056
75067
75081
75100
75126
75137
75170
75173
75188
75189
75199
75204
75210
75227
75237
75239
75280
75294
75298
75395
75397
75405
75405
75463
75482
75483
75503
75505
75519
75538
75544
75567
75589
75591
75602
75619
75628
75631
75640
75665
75734
75766
75769
75823
75823
75831
75844
75856
75875
75878
75893
75894
75903
75910
75921
75946
75948
75957
75990
76006
76010
76019
76023
76030
76045
76051
76075
76119
76140
76173
76184
76195
76240
76244
76260
76266
76292
76300
76305
76305
76341
76348
76380
76381
76392
76392
76417
76451
76499
76516
76570
76614
76617
76621
76628
76691
76694
76731
76733
76794
76796
76797
76807
76808
76822
76858
76869
76873
76946
76963
76964
76967
76984
76996
77041
77043
77047
77050
77057
77074
77085
77087
77101
77110
77115
77116
77124
77126
77155
77162
77171
77266
77268
77278
77287
77289
77316
77328
77329
77335
77342
77348
77353
77366
77384
77417
77418
77431
77438
77473
77495
77529
77554
77571
77575
77583
77603
77612
77619
77628
77643
77648
77654
77686
77695
77703
77717
77733
77748
77753
77754
77778
77796
77806
77807
77820
77823
77830
77837
77846
77856
77860
77860
77878
77918
77969
77971
77972
77980
78022
78025
78031
78054
78070
78099
78106
78111
78124
78128
78137
78144
78168
78176
78182
78187
78202
78214
78224
78229
78244
78267
78272
78285
78339
78342
78354
78357
78381
78454
78474
78493
78494
78508
78600
78603
78623
78659
78661
78661
78662
78694
78751
78755
78756
78757
78759
78766
78770
78794
78801
78831
78893
78929
78942
79003
79033
79053
79058
79080
79080
79080
79088
79102
79112
79121
79130
79162
79167
79167
79203
79212
79239
79253
79256
79261
79280
79284
79293
79299
79432
79446
79447
79479
79484
79485
79488
79541
79552
79561
79565
79570
79583
79584
79585
79592
79622
79637
79642
79648
79660
79674
79677
79684
79689
79713
79715
79764
79765
79767
79771
79777
79799
79802
79806
79807
79827
79841
79846
79846
79857
79877
79883
79898
79898
79927
79932
79957
79985
79992
80042
80049
80053
80055
80075
80107
80110
80136
80143
80169
80205
80208
80250
80302
80330
80363
80367
80375
80388
80397
80403
80473
80499
80544
80566
80586
80590
80608
80653
80663
80684
80734
80773
80775
80833
80847
80862
80870
80872
80899
80902
80903
80904
80907
80908
80926
80927
80955
80960
80982
81002
81008
81020
81028
81032
81043
81051
81061
81083
81104
81138
81148
81170
81190
81211
81224
81244
81256
81263
81278
81280
81290
81293
81304
81315
81317
81321
81331
81363
81368
81395
81429
81434
81489
81499
81504
81507
81514
81520
81532
81541
81567
81592
81604
81606
81608
81666
81689
81709
81714
81731
81739
81767
81782
81790
81790
81800
81805
81808
81815
81846
81859
81868
81870
81872
81873
81958
81967
81975
81994
81996
81998
81998
82025
82034
82035
82036
82046
82048
82074
82075
82089
82101
82118
82123
82140
82141
82144
82175
82186
82198
82198
82199
82210
82222
82227
82233
82239
82256
82258
82264
82284
82291
82295
82328
82352
82356
82381
82389
82430
82435
82475
82483
82496
82500
82502
82517
82522
82537
82588
82594
82595
82602
82613
82622
82647
82647
82652
82653
82668
82672
82693
82699
82706
82722
82728
82734
82748
82773
82794
82808
82836
82840
82852
82855
82864
82880
82885
82919
82928
82951
82967
82976
83012
83044
83062
83083
83083
83131
83135
83158
83190
83241
83241
83262
83292
83305
83319
83363
83369
83371
83375
83398
83404
83408
83415
83430
83468
83474
83488
83493
83507
83538
83555
83558
83602
83608
83640
83680
83685
83688
83688
83716
83734
83735
83759
83784
83788
83802
83841
83862
83893
83903
83908
83916
83929
83996
84018
84025
84027
84034
84046
84058
84116
84165
84175
84188
84194
84216
84231
84231
84248
84272
84298
84317
84325
84356
84372
84379
84383
84405
84433
84440
84509
84535
84546
84563
84571
84579
84584
84587
84591
84645
84648
84661
84696
84727
84760
84791
84796
84837
84840
84877
84894
84918
84928
84936
84938
84942
84942
84949
84954
84969
84983
84992
85030
85048
85061
85063
85084
85096
85122
85139
85154
85174
85179
85182
85208
85210
85218
85222
85279
85299
85312
85315
85323
85367
85390
85405
85406
85411
85413
85416
85443
85446
85449
85461
85473
85474
85475
85477
85506
85599
85618
85627
85631
85634
85637
85638
85639
85641
85724
85730
85736
85745
85779
85782
85783
85811
85824
85831
85832
85845
85848
85867
85869
85888
85890
85892
85902
85909
85910
85911
85913
85925
85928
85930
85931
85969
85970
85982
85982
85994
86009
86026
86073
86080
86089
86093
86110
86110
86120
86140
86165
86190
86204
86212
86225
86242
86256
86259
86319
86320
86346
86349
86361
86393
86404
86404
86434
86436
86458
86461
86462
86468
86472
86487
86537
86559
86613
86673
86713
86716
86721
86721
86758
86759
86761
86766
86777
86780
86786
86792
86805
86807
86814
86819
86823
86834
86838
86861
86879
86955
86965
86987
87015
87035
87056
87074
87081
87095
87105
87106
87112
87123
87137
87141
87146
87152
87162
87174
87186
87186
87211
87242
87254
87261
87288
87293
87356
87358
87401
87410
87423
87429
87431
87435
87447
87464
87466
87477
87507
87508
87511
87534
87536
87536
87561
87630
87630
87636
87646
87646
87689
87691
87769
87771
87793
87867
87867
87878
87885
87902
87912
87914
87945
87949
87966
87981
88048
88048
88051
88068
88074
88077
88080
88081
88119
88160
88165
88173
88174
88184
88198
88230
88248
88275
88309
88316
88358
88369
88375
88401
88424
88424
88461
88469
88518
88552
88582
88585
88641
88667
88671
88674
88738
88758
88765
88767
88786
88788
88800
88813
88829
88832
88850
88877
88890
88925
88950
88960
88981
88995
89006
89015
89027
89027
89074
89111
89118
89127
89140
89163
89169
89193
89197
89198
89200
89226
89235
89260
89271
89280
89297
89363
89363
89368
89393
89398
89403
89404
89412
89416
89435
89441
89447
89455
89457
89474
89487
89501
89517
89550
89551
89564
89602
89616
89653
89654
89668
89676
89679
89689
89693
89703
89714
89724
89781
89809
89824
89831
89843
89846
89846
89851
89859
89864
89866
89897
89911
89924
89968
89977
89982
89983
89992
89993
90014
90018
90018
90058
90061
90066
90090
90150
90176
90207
90210
90220
90232
90286
90322
90327
90355
90356
90359
90371
90376
90391
90393
90409
90427
90472
90485
90527
90539
90587
90594
90618
90671
90673
90735
90759
90774
90791
90814
90870
90871
90932
90938
90950
90971
90985
91014
91022
91048
91074
91099
91113
91125
91126
91138
91144
91178
91183
91246
91255
91270
91298
91302
91334
91342
91343
91344
91349
91374
91384
91389
91401
91409
91508
91511
91513
91539
91572
91592
91595
91597
91612
91616
91626
91684
91688
91697
91701
91724
91725
91728
91749
91766
91829
91846
91847
91860
91863
91904
91931
91959
91960
91971
92002
92002
92041
92055
92055
92058
92079
92130
92136
92164
92164
92166
92200
92202
92266
92276
92279
92287
92309
92311
92319
92319
92326
92387
92392
92400
92470
92497
92500
92501
92501
92510
92514
92546
92580
92602
92603
92609
92610
92622
92651
92660
92691
92694
92698
92731
92740
92780
92804
92826
92829
92857
92861
92887
92888
92899
92902
92920
92929
92953
92966
92969
92982
93007
93017
93035
93038
93039
93051
93059
93070
93080
93099
93105
93130
93136
93137
93223
93229
93288
93314
93316
93339
93344
93345
93352
93392
93396
93407
93425
93460
93484
93486
93496
93506
93511
93536
93576
93576
93591
93596
93605
93662
93697
93718
93725
93738
93780
93798
93806
93808
93831
93845
93868
93872
93876
93878
93923
93939
93963
94004
94021
94022
94046
94073
94084
94113
94126
94179
94186
94196
94198
94210
94226
94236
94253
94256
94337
94337
94347
94376
94379
94400
94405
94430
94461
94481
94483
94490
94504
94522
94522
94531
94543
94584
94630
94640
94641
94644
94645
94648
94659
94667
94678
94690
94702
94732
94742
94753
94764
94774
94800
94812
94830
94839
94854
94872
94876
94899
94917
94933
94946
95014
95023
95062
95062
95104
95130
95138
95141
95148
95170
95182
95226
95229
95258
95279
95281
95290
95296
95299
95365
95366
95371
95387
95414
95414
95437
95460
95462
95477
95478
95565
95572
95576
95617
95638
95642
95688
95718
95747
95764
95766
95781
95803
95813
95824
95826
95838
95846
95863
95879
95891
95918
95926
95931
95946
95972
95973
96006
96043
96054
96055
96064
96068
96071
96075
96089
96113
96125
96131
96212
96232
96292
96300
96308
96327
96336
96342
96360
96371
96377
96404
96426
96431
96478
96539
96588
96597
96602
96629
96652
96653
96657
96668
96710
96711
96730
96752
96764
96798
96806
96818
96863
96877
96887
96901
96901
96904
96974
96993
97012
97020
97023
97047
97099
97139
97159
97177
97197
97213
97227
97229
97240
97293
97322
97347
97401
97402
97418
97418
97419
97430
97458
97501
97502
97531
97539
97541
97545
97546
97546
97556
97558
97618
97622
97657
97660
97661
97690
97708
97712
97721
97734
97756
97793
97853
97867
97869
97877
97889
97894
97902
97908
97949
97987
98012
98014
98030
98034
98081
98091
98094
98125
98162
98168
98193
98200
98263
98264
98269
98282
98282
98327
98347
98349
98368
98380
98383
98392
98399
98412
98413
98451
98464
98471
98520
98532
98548
98572
98612
98632
98679
98690
98712
98741
98746
98800
98832
98874
98919
98922
98935
98963
98991
98994
99016
99016
99032
99042
99057
99063
99079
99096
99115
99118
99123
99125
99132
99164
99164
99183
99189
99248
99258
99259
99261
99293
99296
99311
99318
99341
99387
99389
99489
99521
99573
99626
99642
99644
99652
99653
99706
99734
99750
99799
99820
99832
99901
99957
99981
