34
35
49
82
109
139
149
185
197
214
232
241
249
270
287
288
303
325
365
365
393
418
432
453
478
488
521
529
539
543
546
552
571
633
648
657
664
698
746
780
801
849
862
891
932
959
960
987
1013
1040
1045
1061
1085
1087
1105
1115
1120
1175
1186
1264
1267
1286
1307
1327
1377
1393
1430
1430
1440
1449
1453
1456
1490
1509
1521
1541
1545
1585
1595
1620
1648
1661
1703
1707
1729
1751
1757
1757
1777
1778
1785
1802
1826
1832
1833
1835
1839
1840
1887
1925
1961
1965
1968
1970
2001
2025
2063
2068
2074
2106
2117
2132
2143
2154
2157
2159
2174
2184
2185
2198
2206
2211
2233
2242
2244
2252
2264
2283
2307
2338
2343
2346
2370
2396
2399
2410
2448
2454
2464
2480
2509
2563
2575
2582
2586
2612
2627
2633
2659
2722
2726
2749
2770
2787
2801
2802
2809
2842
2852
2859
2867
2885
2933
2934
2946
2947
2964
2965
3005
3048
3057
3068
3092
3098
3114
3136
3137
3193
3212
3213
3229
3243
3270
3291
3295
3308
3312
3315
3353
3367
3367
3371
3381
3387
3392
3406
3442
3463
3488
3493
3503
3528
3530
3532
3532
3533
3589
3598
3618
3621
3631
3640
3693
3718
3725
3732
3740
3755
3762
3766
3780
3787
3793
3805
3832
3844
3868
3874
3911
3923
3925
3932
3953
3964
3981
3982
3999
4003
4005
4009
4038
4054
4055
4068
4095
4115
4125
4130
4138
4166
4193
4193
4196
4213
4214
4220
4255
4267
4270
4280
4281
4309
4319
4332
4346
4359
4381
4484
4531
4543
4553
4573
4573
4586
4602
4611
4622
4627
4676
4694
4704
4725
4726
4766
4776
4783
4808
4810
4824
4837
4867
4877
4878
4883
4891
4904
4924
4952
4952
4997
5005
5021
5048
5049
5083
5085
5086
5115
5130
5145
5150
5162
5187
5205
5206
5232
5243
5249
5266
5271
5285
5301
5307
5322
5332
5361
5371
5381
5397
5404
5448
5472
5488
5527
5544
5556
5578
5617
5625
5628
5649
5657
5685
5688
5733
5769
5771
5773
5774
5781
5813
5887
5922
5941
5949
5956
5969
5981
6042
6045
6058
6064
6096
6117
6119
6187
6193
6208
6214
6231
6234
6235
6246
6259
6273
6277
6289
6326
6341
6341
6346
6357
6404
6407
6417
6454
6513
6518
6541
6583
6599
6622
6658
6666
6690
6693
6698
6738
6744
6803
6813
6834
6860
6867
6880
6900
6902
6939
6961
6963
6976
6979
6986
6998
7035
7048
7055
7069
7102
7109
7137
7147
7156
7175
7177
7193
7209
7218
7232
7253
7263
7296
7297
7309
7324
7335
7338
7345
7376
7409
7427
7450
7465
7479
7489
7518
7528
7536
7536
7557
7561
7592
7597
7619
7626
7641
7650
7655
7662
7677
7708
7720
7723
7726
7735
7740
7793
7838
7839
7843
7843
7844
7852
7871
7873
7875
7883
7905
7914
7919
7929
7941
7975
7987
7988
8006
8026
8056
8075
8081
8105
8124
8135
8137
8170
8180
8214
8215
8263
8269
8277
8285
8290
8296
8316
8319
8335
8353
8358
8368
8411
8412
8420
8443
8446
8461
8462
8464
8550
8631
8653
8656
8671
8675
8702
8728
8738
8742
8743
8764
8787
8803
8820
8821
8836
8855
8874
8885
8888
8900
8922
8962
8997
9004
9025
9032
9035
9066
9066
9083
9100
9106
9129
9148
9187
9215
9216
9220
9234
9235
9275
9279
9305
9311
9323
9350
9369
9377
9397
9415
9426
9439
9488
9526
9535
9554
9583
9583
9594
9595
9612
9638
9663
9672
9699
9710
9730
9733
9746
9757
9761
9764
9804
9807
9828
9849
9856
9858
9877
9902
9913
9937
9937
9938
9974
9980
9980
10007
10015
10059
10072
10088
10130
10131
10143
10145
10157
10162
10188
10205
10208
10223
10233
10238
10240
10240
10265
10299
10358
10373
10412
10413
10459
10466
10524
10542
10562
10588
10624
10631
10656
10689
10702
10747
10784
10791
10798
10811
10825
10841
10923
10932
10940
10945
10972
10973
10995
10996
11032
11036
11051
11072
11092
11095
11097
11141
11156
11182
11191
11210
11221
11268
11273
11274
11310
11313
11315
11341
11367
11378
11389
11394
11438
11444
11495
11496
11515
11550
11553
11584
11595
11604
11609
11612
11631
11631
11640
11644
11648
11654
11672
11684
11690
11691
11698
11703
11706
11725
11750
11772
11780
11783
11785
11790
11811
11849
11852
11872
11886
11886
11889
11897
11919
11926
11931
11979
11979
11981
12007
12012
12046
12069
12096
12117
12126
12126
12127
12136
12153
12160
12181
12184
12217
12217
12257
12301
12303
12331
12367
12376
12380
12395
12418
12426
12437
12440
12452
12453
12472
12497
12531
12535
12535
12556
12573
12595
12604
12611
12634
12636
12636
12643
12646
12648
12664
12664
12669
12679
12699
12735
12752
12754
12760
12770
12778
12791
12793
12796
12808
12815
12823
12824
12827
12873
12904
12910
12910
12950
12994
13010
13029
13087
13100
13176
13179
13188
13196
13201
13202
13226
13240
13243
13251
13285
13304
13313
13319
13396
13402
13463
13465
13477
13488
13504
13523
13560
13565
13575
13580
13589
13632
13640
13642
13679
13685
13696
13750
13750
13762
13801
13805
13806
13822
13831
13834
13838
13843
13860
13930
13947
13958
13967
13979
13998
14014
14033
14033
14042
14044
14045
14050
14053
14078
14098
14099
14105
14114
14131
14141
14146
14179
14184
14199
14270
14289
14290
14291
14309
14320
14326
14341
14349
14371
14385
14387
14414
14426
14443
14459
14482
14483
14495
14500
14511
14560
14572
14584
14600
14648
14665
14686
14751
14768
14785
14786
14794
14798
14805
14808
14824
14828
14853
14858
14895
14899
14950
14952
14954
14967
14990
15008
15026
15036
15040
15045
15066
15074
15118
15127
15131
15147
15154
15206
15232
15280
15317
15336
15411
15431
15434
15448
15449
15460
15493
15531
15566
15568
15575
15592
15613
15615
15615
15626
15712
15731
15732
15747
15757
15762
15768
15777
15779
15784
15793
15808
15817
15833
15883
15901
15906
15924
15937
15944
15948
15949
16005
16013
16021
16029
16067
16071
16072
16094
16096
16108
16118
16139
16173
16194
16210
16213
16216
16235
16241
16253
16254
16266
16266
16271
16289
16308
16317
16322
16344
16352
16373
16395
16412
16413
16425
16443
16446
16460
16474
16487
16493
16528
16531
16542
16556
16564
16601
16606
16607
16663
16665
16671
16679
16687
16690
16707
16709
16726
16749
16755
16761
16763
16781
16829
16838
16886
16889
16896
16902
16904
16906
16911
16940
16954
16990
17004
17027
17075
17091
17093
17117
17132
17164
17182
17187
17193
17202
17210
17220
17220
17228
17239
17241
17243
17281
17298
17300
17302
17306
17314
17335
17346
17348
17368
17375
17376
17405
17409
17427
17499
17513
17530
17537
17616
17627
17641
17676
17678
17688
17714
17749
17749
17751
17765
17780
17815
17845
17851
17874
17899
17911
17934
17947
17969
17976
17978
17983
18001
18017
18042
18044
18048
18049
18077
18084
18086
18099
18111
18118
18128
18143
18163
18163
18175
18201
18216
18219
18237
18267
18288
18327
18334
18339
18364
18372
18372
18388
18398
18450
18451
18484
18493
18511
18515
18539
18542
18551
18558
18563
18563
18601
18609
18613
18633
18636
18650
18652
18652
18672
18685
18696
18710
18747
18778
18800
18801
18804
18818
18843
18856
18906
18942
18950
18984
18995
19004
19016
19060
19078
19086
19109
19141
19164
19232
19239
19265
19300
19342
19363
19401
19425
19507
19516
19532
19561
19592
19636
19637
19643
19650
19677
19687
19722
19734
19772
19777
19815
19822
19857
19921
19937
19947
19948
19977
19996
20005
20012
20020
20034
20059
20063
20091
20109
20110
20126
20174
20176
20206
20216
20217
20227
20230
20250
20307
20314
20323
20334
20352
20356
20389
20413
20424
20430
20475
20521
20589
20589
20596
20615
20617
20656
20657
20704
20742
20742
20753
20775
20787
20789
20824
20848
20867
20886
20898
20951
20956
20964
20975
20986
20990
21008
21080
21087
21088
21090
21104
21107
21108
21111
21131
21140
21155
21212
21227
21227
21253
21266
21271
21273
21286
21311
21329
21345
21355
21361
21379
21419
21425
21442
21450
21450
21466
21468
21469
21482
21482
21489
21505
21547
21548
21559
21561
21574
21576
21576
21614
21621
21655
21656
21669
21674
21695
21705
21705
21707
21708
21729
21750
21773
21775
21785
21794
21804
21807
21812
21845
21859
21892
21923
21945
21945
21974
22000
22003
22006
22006
22039
22053
22064
22065
22082
22094
22131
22147
22176
22201
22233
22244
22244
22251
22265
22300
22349
22360
22360
22382
22401
22417
22418
22431
22441
22486
22498
22535
22545
22551
22572
22581
22589
22604
22623
22645
22661
22742
22745
22764
22781
22786
22794
22810
22835
22838
22855
22861
22872
22883
22903
22907
22909
22915
22925
22944
22947
22977
22980
23014
23031
23034
23083
23089
23093
23139
23143
23148
23152
23173
23188
23189
23208
23212
23213
23247
23255
23258
23259
23264
23280
23296
23364
23365
23378
23394
23403
23403
23405
23416
23433
23439
23443
23456
23506
23543
23547
23551
23554
23562
23599
23609
23639
23696
23700
23708
23718
23727
23728
23730
23740
23760
23761
23768
23774
23787
23788
23794
23831
23832
23891
23942
23967
23976
23981
23986
23997
24000
24011
24014
24014
24019
24026
24037
24039
24056
24057
24064
24065
24071
24081
24094
24106
24116
24127
24141
24145
24147
24166
24219
24222
24231
24236
24240
24261
24296
24301
24303
24324
24385
24404
24417
24420
24442
24448
24450
24458
24505
24521
24536
24543
24555
24559
24568
24616
24652
24663
24677
24710
24722
24730
24731
24738
24748
24765
24778
24873
24888
24902
24928
24973
24976
24977
24985
24987
24987
25026
25044
25115
25168
25168
25173
25179
25213
25215
25216
25235
25244
25271
25300
25308
25309
25315
25395
25429
25436
25442
25455
25467
25495
25495
25511
25511
25518
25535
25571
25577
25596
25602
25603
25624
25632
25633
25643
25658
25668
25670
25693
25698
25706
25709
25724
25752
25783
25788
25791
25799
25800
25801
25826
25834
25848
25848
25849
25855
25859
25866
25866
25869
25890
25891
25893
25903
25918
25923
25930
25941
25965
25967
25995
25999
26004
26012
26028
26034
26037
26048
26054
26059
26096
26133
26176
26180
26196
26200
26217
26229
26236
26241
26247
26255
26274
26274
26285
26289
26300
26322
26324
26340
26366
26366
26404
26435
26469
26488
26491
26510
26511
26514
26556
26557
26580
26611
26659
26698
26698
26712
26720
26737
26754
26755
26775
26778
26797
26821
26839
26841
26841
26853
26880
26906
26925
26936
26938
26946
26955
26963
26977
26988
27004
27007
27086
27149
27161
27193
27198
27201
27202
27210
27234
27240
27253
27272
27306
27307
27337
27345
27373
27390
27391
27399
27407
27438
27453
27530
27544
27545
27556
27566
27567
27575
27581
27612
27615
27620
27631
27631
27646
27683
27691
27698
27699
27714
27737
27740
27745
27749
27807
27820
27823
27886
27894
27903
27924
27940
27950
27955
27988
28002
28015
28023
28025
28036
28038
28072
28077
28078
28081
28108
28135
28138
28168
28181
28183
28191
28205
28211
28221
28252
28265
28286
28316
28324
28397
28399
28406
28411
28417
28419
28438
28463
28476
28550
28578
28603
28626
28629
28638
28678
28681
28697
28717
28735
28744
28758
28760
28775
28775
28784
28785
28810
28841
28845
28879
28881
28895
28903
28934
28943
28943
28952
28965
28996
29021
29021
29049
29076
29087
29092
29117
29119
29129
29133
29143
29157
29169
29199
29217
29246
29249
29257
29261
29331
29336
29338
29340
29347
29366
29405
29412
29421
29431
29457
29479
29494
29499
29504
29523
29536
29554
29563
29569
29570
29575
29639
29641
29673
29703
29714
29721
29732
29732
29735
29759
29774
29789
29796
29798
29811
29812
29818
29823
29836
29838
29841
29851
29862
29867
29869
29869
29884
29926
29970
29981
29999
30013
30055
30097
30107
30115
30154
30171
30188
30203
30208
30209
30212
30229
30230
30242
30246
30249
30267
30268
30279
30282
30300
30305
30321
30322
30325
30351
30354
30357
30359
30401
30421
30423
30441
30462
30492
30499
30511
30526
30532
30532
30547
30551
30596
30629
30638
30653
30668
30673
30703
30719
30729
30734
30734
30775
30779
30779
30786
30801
30823
30842
30876
30890
30899
30902
30917
30919
30930
30936
30947
30947
30984
30995
31005
31024
31027
31033
31035
31037
31038
31052
31055
31058
31063
31064
31088
31096
31135
31153
31160
31167
31181
31205
31215
31225
31226
31227
31237
31266
31295
31314
31319
31368
31378
31389
31401
31433
31472
31476
31570
31578
31596
31615
31624
31629
31634
31670
31671
31695
31702
31727
31729
31731
31745
31749
31772
31789
31810
31840
31863
31918
31924
31942
31983
31984
31995
32017
32026
32033
32046
32047
32049
32053
32060
32072
32083
32093
32128
32138
32139
32139
32156
32201
32215
32232
32244
32246
32264
32272
32287
32327
32359
32359
32371
32383
32390
32432
32445
32486
32493
32544
32549
32566
32577
32592
32614
32616
32663
32694
32694
32710
32741
32772
32775
32777
32791
32829
32841
32850
32859
32873
32877
32898
32913
32941
32942
32968
32972
32976
32979
32981
33003
33013
33039
33064
33086
33090
33098
33152
33168
33181
33197
33198
33210
33239
33241
33249
33253
33278
33282
33286
33288
33289
33315
33329
33424
33432
33482
33485
33502
33541
33543
33546
33564
33604
33628
33633
33657
33658
33675
33681
33698
33742
33745
33751
33754
33761
33783
33814
33819
33827
33829
33833
33886
33887
33899
33931
33931
33932
33966
33984
34014
34023
34030
34043
34080
34085
34108
34128
34136
34136
34153
34163
34168
34236
34265
34317
34372
34384
34394
34404
34411
34420
34432
34459
34489
34517
34546
34557
34574
34600
34602
34605
34609
34611
34612
34631
34632
34636
34687
34695
34709
34713
34757
34775
34777
34814
34828
34862
34876
34901
34915
34940
34944
34948
34977
34980
34998
35018
35021
35033
35069
35093
35094
35103
35129
35158
35211
35213
35237
35237
35239
35245
35246
35301
35306
35307
35336
35349
35356
35410
35420
35421
35433
35465
35467
35478
35484
35502
35504
35505
35514
35532
35540
35546
35549
35553
35567
35575
35595
35611
35616
35656
35684
35714
35717
35755
35755
35782
35792
35792
35815
35873
35879
35923
35931
35942
35950
35961
36025
36063
36067
36069
36105
36115
36121
36135
36164
36168
36179
36183
36189
36229
36244
36281
36293
36295
36325
36345
36367
36373
36380
36447
36448
36469
36474
36478
36480
36506
36518
36576
36586
36588
36592
36629
36637
36658
36691
36691
36692
36693
36693
36777
36798
36807
36813
36833
36835
36841
36848
36860
36887
36888
36916
36940
36949
36955
36958
36997
37034
37046
37052
37081
37082
37111
37141
37141
37141
37143
37186
37204
37208
37213
37214
37223
37223
37253
37255
37269
37338
37340
37365
37379
37407
37418
37462
37483
37484
37491
37497
37497
37513
37523
37546
37550
37551
37596
37597
37600
37643
37644
37684
37688
37695
37707
37712
37736
37777
37778
37779
37804
37868
37877
37900
37909
37948
37964
37983
38005
38008
38016
38018
38025
38036
38064
38113
38134
38136
38162
38164
38183
38196
38219
38231
38233
38243
38256
38266
38293
38302
38307
38320
38340
38340
38349
38350
38352
38354
38357
38366
38369
38374
38383
38392
38425
38446
38450
38451
38471
38476
38479
38503
38516
38516
38543
38550
38553
38566
38590
38605
38611
38638
38666
38666
38674
38684
38692
38693
38694
38699
38709
38719
38732
38734
38736
38739
38744
38755
38772
38796
38814
38829
38844
38862
38873
38932
38934
38939
38963
38965
38976
38977
39015
39026
39066
39076
39077
39093
39112
39116
39132
39133
39148
39213
39216
39274
39285
39290
39315
39321
39346
39348
39351
39355
39363
39374
39376
39391
39405
39435
39483
39491
39521
39526
39531
39575
39598
39617
39642
39646
39698
39738
39740
39771
39794
39808
39811
39815
39847
39851
39860
39863
39867
39896
39897
39898
39900
39933
39942
39949
39986
40025
40035
40073
40122
40152
40175
40204
40204
40239
40250
40301
40316
40318
40348
40369
40376
40399
40404
40426
40448
40468
40487
40490
40498
40522
40528
40533
40539
40567
40581
40590
40593
40609
40636
40639
40640
40643
40657
40666
40671
40698
40726
40745
40754
40761
40787
40826
40850
40858
40864
40878
40880
40889
40920
40935
40946
40983
40990
41017
41036
41044
41067
41082
41088
41089
41110
41111
41125
41137
41151
41173
41179
41201
41214
41219
41238
41255
41259
41268
41289
41297
41303
41313
41334
41352
41355
41384
41395
41421
41448
41455
41457
41478
41489
41490
41502
41505
41532
41534
41536
41540
41541
41552
41577
41589
41596
41602
41604
41604
41626
41647
41655
41656
41662
41694
41694
41718
41742
41746
41761
41771
41813
41822
41906
41912
41913
41922
41946
42004
42014
42018
42020
42048
42049
42074
42092
42116
42128
42134
42227
42248
42277
42347
42378
42383
42384
42395
42419
42422
42431
42464
42469
42482
42507
42518
42524
42530
42589
42608
42609
42619
42624
42632
42633
42658
42681
42718
42746
42750
42754
42772
42778
42781
42784
42824
42833
42835
42857
42902
42933
42937
42972
42974
42975
43011
43041
43071
43083
43091
43116
43162
43185
43186
43203
43208
43209
43242
43250
43253
43283
43302
43304
43321
43330
43334
43372
43380
43442
43467
43483
43483
43503
43504
43544
43545
43549
43554
43591
43648
43662
43683
43716
43766
43782
43835
43840
43900
43904
43974
44007
44019
44067
44091
44109
44124
44131
44156
44158
44178
44211
44227
44248
44285
44303
44305
44313
44329
44330
44331
44350
44355
44364
44417
44427
44438
44441
44446
44468
44476
44486
44515
44533
44536
44580
44601
44620
44621
44626
44680
44697
44715
44722
44753
44782
44782
44789
44791
44801
44806
44808
44814
44819
44823
44829
44851
44886
44920
44966
44989
44997
45003
45005
45036
45073
45076
45095
45139
45141
45142
45154
45154
45169
45178
45203
45256
45265
45281
45299
45348
45360
45365
45369
45387
45405
45414
45419
45452
45456
45478
45515
45528
45558
45560
45596
45615
45625
45639
45641
45655
45683
45684
45695
45717
45733
45735
45738
45742
45767
45772
45821
45824
45852
45865
45866
45867
45913
45932
45952
45960
45973
46027
46074
46119
46120
46126
46135
46142
46145
46190
46192
46194
46202
46205
46220
46270
46289
46305
46311
46342
46372
46382
46409
46426
46447
46458
46470
46473
46482
46484
46487
46491
46525
46529
46532
46545
46550
46614
46642
46644
46645
46711
46723
46735
46753
46790
46800
46809
46819
46823
46841
46853
46881
46884
46885
46886
46904
46907
46909
46931
46967
46975
46980
47008
47017
47046
47056
47058
47088
47116
47134
47137
47139
47144
47145
47184
47190
47196
47240
47296
47319
47324
47333
47364
47407
47489
47491
47518
47519
47521
47550
47595
47624
47650
47654
47658
47661
47666
47672
47673
47694
47695
47701
47706
47709
47716
47721
47729
47749
47758
47770
47782
47783
47791
47819
47820
47907
47909
47929
47941
47945
47957
47990
47996
48027
48082
48085
48099
48134
48149
48153
48156
48174
48222
48222
48224
48259
48262
48287
48292
48314
48336
48362
48386
48397
48456
48466
48483
48527
48545
48554
48557
48568
48585
48623
48665
48698
48723
48733
48769
48770
48793
48817
48818
48839
48855
48858
48860
48863
48869
48872
48873
48931
48935
48985
49028
49070
49083
49100
49119
49131
49219
49239
49245
49265
49279
49286
49294
49314
49319
49324
49330
49351
49361
49428
49450
49460
49468
49469
49477
49502
49517
49518
49520
49523
49545
49573
49581
49617
49657
49672
49683
49686
49689
49711
49737
49744
49750
49751
49760
49770
49772
49782
49789
49837
49852
49871
49874
49889
49893
49901
49915
49955
49966
49986
50076
50108
50108
50119
50125
50146
50174
50185
50196
50285
50310
50313
50332
50345
50354
50407
50436
50450
50458
50490
50504
50519
50520
50533
50568
50582
50604
50612
50618
50635
50636
50680
50692
50692
50702
50704
50719
50721
50730
50731
50734
50755
50767
50770
50805
50814
50818
50831
50839
50857
50864
50881
50913
50922
50937
50986
51008
51032
51046
51048
51130
51141
51157
51175
51180
51218
51223
51227
51235
51238
51308
51346
51350
51355
51380
51396
51408
51418
51422
51439
51448
51454
51460
51467
51478
51481
51491
51499
51547
51559
51579
51601
51602
51609
51631
51632
51640
51641
51643
51660
51692
51697
51713
51735
51736
51763
51810
51815
51817
51837
51850
51893
51895
51917
51921
51937
51953
51954
52016
52020
52032
52049
52053
52054
52060
52066
52073
52082
52093
52096
52126
52130
52175
52189
52198
52198
52231
52238
52244
52251
52257
52268
52279
52284
52286
52296
52302
52303
52317
52326
52332
52366
52366
52372
52376
52380
52385
52391
52394
52398
52434
52489
52507
52520
52523
52559
52575
52614
52616
52627
52634
52648
52707
52711
52727
52745
52763
52785
52792
52831
52832
52842
52848
52866
52879
52880
52888
52897
52905
52913
52919
52920
52928
52956
52958
52961
52990
53011
53015
53027
53038
53065
53068
53147
53160
53183
53217
53222
53223
53226
53278
53295
53295
53306
53311
53333
53341
53342
53367
53375
53386
53394
53421
53425
53468
53487
53489
53490
53498
53501
53505
53516
53565
53574
53597
53616
53624
53630
53648
53652
53664
53693
53712
53715
53728
53753
53757
53779
53782
53787
53790
53821
53827
53839
53847
53869
53872
53886
53888
53901
53902
53907
53911
53914
53918
53922
53948
53949
53962
53963
53975
53976
53994
54000
54009
54028
54031
54052
54054
54075
54082
54122
54149
54156
54183
54194
54202
54214
54221
54223
54237
54255
54273
54289
54293
54317
54330
54355
54355
54393
54417
54516
54521
54533
54533
54593
54690
54716
54742
54769
54776
54806
54868
54872
54876
54910
54910
54965
54979
54982
55000
55023
55042
55065
55083
55110
55135
55143
55151
55166
55182
55183
55187
55214
55219
55224
55228
55238
55281
55293
55310
55321
55322
55345
55348
55372
55372
55416
55449
55468
55470
55476
55496
55530
55594
55605
55648
55654
55670
55692
55724
55739
55740
55759
55774
55794
55797
55802
55839
55844
55875
55881
55889
55910
55916
55924
55933
55942
55997
56013
56039
56041
56098
56111
56115
56129
56134
56163
56170
56187
56222
56237
56246
56300
56317
56337
56348
56364
56367
56382
56414
56426
56430
56435
56445
56462
56472
56479
56487
56528
56533
56541
56552
56570
56583
56601
56622
56635
56665
56668
56676
56689
56693
56698
56708
56731
56733
56752
56753
56769
56774
56830
56840
56861
56862
56883
56896
56901
56920
56921
56922
56927
56952
56964
56984
56995
57002
57004
57034
57074
57078
57086
57090
57110
57112
57113
57116
57126
57161
57185
57193
57196
57228
57245
57254
57271
57282
57294
57311
57315
57322
57363
57373
57412
57415
57419
57423
57438
57458
57469
57489
57491
57493
57503
57518
57553
57625
57664
57670
57696
57707
57737
57769
57777
57809
57817
57817
57839
57848
57863
57872
57910
57937
57957
58011
58018
58049
58051
58061
58071
58076
58085
58092
58115
58123
58124
58131
58136
58141
58157
58179
58179
58192
58246
58271
58273
58285
58312
58325
58336
58338
58341
58390
58414
58469
58480
58483
58486
58493
58497
58500
58509
58529
58536
58541
58564
58615
58632
58646
58666
58675
58693
58693
58711
58714
58715
58719
58719
58723
58797
58815
58815
58819
58839
58841
58843
58849
58854
58867
58870
58901
58907
58923
58936
58978
59013
59032
59037
59058
59065
59130
59144
59159
59176
59183
59183
59193
59207
59214
59228
59234
59246
59252
59279
59316
59338
59342
59360
59360
59382
59393
59431
59436
59440
59476
59490
59507
59507
59521
59541
59560
59569
59588
59600
59602
59609
59637
59643
59657
59669
59677
59684
59716
59724
59745
59746
59783
59794
59818
59830
59839
59842
59856
59874
59884
59916
59945
59951
59971
59979
59980
59988
60043
60092
60109
60112
60112
60116
60133
60136
60149
60190
60211
60217
60237
60244
60288
60295
60310
60320
60323
60327
60341
60343
60357
60359
60385
60413
60418
60446
60457
60498
60503
60532
60538
60568
60570
60638
60665
60680
60699
60726
60742
60777
60783
60806
60813
60835
60863
60871
60875
60887
60925
60951
60964
60990
61005
61042
61060
61071
61096
61112
61152
61171
61171
61179
61186
61191
61197
61202
61206
61231
61240
61242
61264
61264
61273
61285
61295
61309
61335
61340
61366
61375
61433
61442
61452
61455
61473
61514
61515
61515
61521
61533
61579
61643
61652
61662
61684
61749
61781
61785
61786
61791
61793
61804
61814
61816
61839
61869
61899
61906
61937
61940
61948
61961
61974
61979
62008
62027
62061
62067
62089
62104
62124
62127
62138
62165
62188
62210
62233
62278
62278
62317
62428
62430
62452
62459
62467
62477
62493
62498
62504
62509
62510
62513
62513
62524
62543
62545
62576
62579
62658
62678
62679
62684
62699
62713
62718
62721
62723
62739
62798
62861
62864
62878
62904
62912
62915
62920
62928
62945
62959
62964
62981
63006
63019
63027
63051
63055
63063
63102
63124
63129
63160
63173
63174
63181
63192
63201
63234
63250
63262
63276
63320
63320
63360
63368
63393
63417
63432
63434
63455
63461
63469
63476
63497
63546
63575
63596
63622
63627
63666
63666
63681
63709
63714
63717
63722
63723
63774
63796
63802
63811
63829
63833
63867
63868
63886
63913
64001
64018
64027
64039
64048
64063
64084
64088
64091
64113
64125
64137
64149
64167
64214
64245
64251
64256
64257
64286
64308
64333
64343
64367
64382
64391
64427
64448
64460
64497
64502
64545
64551
64572
64575
64580
64587
64592
64633
64658
64674
64687
64717
64720
64737
64749
64752
64763
64767
64820
64830
64896
64905
64929
64937
64939
64974
64984
65000
65006
65021
65036
65045
65060
65068
65081
65133
65154
65157
65163
65173
65174
65197
65222
65227
65229
65241
65274
65275
65294
65307
65323
65345
65350
65356
65361
65363
65365
65379
65385
65393
65403
65405
65410
65460
65486
65497
65519
65533
65539
65547
65570
65592
65596
65610
65628
65631
65657
65676
65699
65713
65719
65719
65757
65822
65823
65831
65838
65862
65868
65870
65888
65912
65913
65936
65957
65968
65987
66007
66009
66010
66046
66067
66099
66136
66137
66173
66185
66224
66232
66241
66258
66263
66269
66277
66333
66334
66375
66379
66398
66415
66420
66435
66442
66446
66500
66532
66534
66541
66553
66569
66585
66603
66619
66648
66649
66659
66659
66659
66671
66672
66689
66690
66712
66734
66738
66741
66765
66774
66778
66828
66847
66853
66857
66862
66868
66875
66904
66907
66953
66955
66961
66966
66975
67005
67010
67027
67081
67094
67108
67110
67137
67148
67182
67195
67206
67210
67228
67244
67253
67256
67265
67266
67279
67316
67319
67335
67374
67392
67404
67429
67438
67446
67451
67461
67508
67513
67514
67521
67531
67546
67615
67623
67629
67652
67657
67684
67695
67707
67715
67720
67723
67738
67740
67766
67772
67781
67792
67800
67812
67856
67860
67872
67877
67941
67970
68016
68030
68034
68036
68059
68069
68072
68083
68144
68165
68185
68186
68216
68236
68240
68308
68317
68334
68344
68349
68352
68353
68385
68427
68438
68464
68524
68526
68542
68542
68543
68546
68551
68571
68580
68581
68609
68615
68620
68620
68682
68689
68710
68794
68809
68858
68874
68932
68934
68945
68947
68959
68971
68975
68987
69024
69040
69080
69085
69086
69087
69091
69096
69119
69127
69143
69160
69172
69198
69200
69203
69207
69210
69214
69251
69262
69269
69276
69277
69289
69303
69303
69321
69344
69368
69370
69386
69388
69396
69414
69421
69425
69429
69449
69502
69507
69508
69516
69518
69520
69525
69529
69540
69541
69581
69583
69601
69688
69711
69752
69753
69792
69810
69817
69823
69845
69888
69899
69936
69945
69945
69948
69954
69963
69973
69993
70008
70010
70044
70092
70099
70113
70162
70162
70191
70195
70195
70195
70199
70206
70223
70226
70235
70250
70264
70276
70277
70310
70319
70320
70332
70345
70351
70368
70373
70406
70427
70433
70442
70450
70457
70461
70482
70500
70508
70509
70529
70550
70550
70570
70572
70576
70585
70598
70665
70667
70675
70690
70717
70733
70743
70751
70754
70759
70766
70778
70794
70823
70830
70835
70845
70858
70898
70931
70970
70991
71028
71036
71044
71067
71069
71077
71139
71172
71193
71195
71201
71232
71234
71266
71283
71301
71323
71330
71333
71336
71350
71360
71363
71365
71377
71386
71388
71421
71432
71450
71465
71474
71475
71513
71574
71583
71610
71668
71670
71674
71703
71724
71746
71815
71839
71855
71862
71893
71896
71927
71959
71972
72000
72038
72039
72060
72071
72087
72116
72134
72165
72192
72207
72223
72241
72247
72247
72249
72268
72273
72294
72313
72335
72339
72343
72347
72367
72367
72388
72422
72426
72450
72452
72466
72473
72475
72517
72519
72555
72556
72558
72566
72575
72577
72583
72610
72611
72612
72625
72654
72677
72703
72732
72762
72766
72767
72784
72792
72823
72829
72844
72848
72861
72866
72883
72911
72928
72930
72930
72939
72956
72961
72965
72988
73025
73032
73056
73060
73063
73096
73108
73115
73123
73135
73192
73204
73205
73209
73219
73250
73286
73303
73304
73313
73322
73324
73338
73355
73356
73372
73373
73405
73416
73436
73453
73460
73462
73482
73497
73516
73517
73530
73540
73592
73633
73661
73664
73690
73694
73695
73704
73705
73730
73730
73733
73758
73759
73783
73795
73802
73829
73831
73878
73891
73892
73900
73906
73910
73918
73946
73952
73962
73985
73986
73988
73991
74000
74012
74014
74052
74054
74066
74071
74081
74089
74127
74140
74150
74180
74215
74216
74240
74264
74276
74316
74339
74359
74365
74428
74429
74485
74541
74542
74561
74568
74582
74591
74607
74671
74672
74675
74733
74738
74751
74788
74803
74876
74888
74894
74898
74936
74974
74981
74989
75000
75012
75031
75064
75116
75179
75192
75203
75257
75301
75330
75344
75345
75353
75370
75409
75414
75557
75564
75568
75622
75638
75643
75674
75676
75680
75683
75704
75722
75744
75749
75771
75853
75870
75870
75883
75891
75894
75894
75905
75919
75943
75949
75957
75959
75982
75996
76028
76031
76066
76070
76098
76104
76136
76150
76167
76178
76208
76211
76263
76279
76280
76292
76325
76344
76355
76421
76442
76447
76464
76465
76480
76502
76502
76520
76520
76554
76568
76570
76573
76584
76612
76623
76648
76650
76654
76657
76683
76706
76710
76749
76770
76775
76775
76791
76820
76838
76877
76884
76891
76904
76926
76948
76977
76983
76986
76996
77004
77018
77027
77047
77050
77056
77086
77095
77115
77129
77130
77132
77147
77255
77264
77305
77325
77371
77388
77395
77396
77404
77463
77517
77535
77543
77569
77589
77595
77609
77669
77691
77711
77811
77851
77857
77895
77895
77926
77928
77934
77948
78003
78022
78023
78051
78063
78067
78077
78124
78130
78132
78146
78147
78157
78178
78188
78198
78199
78213
78258
78259
78280
78291
78292
78302
78312
78313
78314
78326
78337
78356
78366
78381
78387
78408
78429
78434
78449
78463
78473
78488
78494
78536
78544
78559
78570
78579
78587
78598
78615
78623
78640
78644
78656
78698
78701
78732
78757
78769
78770
78798
78799
78810
78813
78852
78872
78878
78928
78945
78954
78962
78984
79048
79055
79077
79091
79097
79101
79110
79146
79178
79185
79189
79223
79247
79276
79313
79334
79343
79343
79356
79358
79366
79376
79378
79379
79393
79393
79403
79405
79409
79449
79470
79495
79500
79524
79540
79578
79582
79605
79617
79631
79756
79766
79795
79796
79799
79812
79818
79835
79838
79866
79879
79882
79892
79898
79911
79912
79915
79966
79991
79993
79997
80015
80020
80041
80059
80062
80065
80075
80081
80167
80177
80191
80199
80199
80216
80222
80253
80278
80321
80331
80344
80352
80365
80379
80407
80414
80417
80420
80461
80470
80484
80485
80496
80503
80525
80539
80549
80569
80585
80591
80593
80637
80673
80681
80681
80724
80741
80744
80796
80829
80833
80857
80862
80883
80897
80913
80923
80928
80964
80992
81008
81008
81042
81042
81052
81076
81085
81093
81116
81131
81138
81185
81199
81216
81231
81245
81247
81248
81255
81257
81264
81266
81303
81314
81336
81340
81349
81394
81407
81428
81435
81436
81462
81469
81475
81493
81505
81508
81512
81518
81562
81579
81586
81621
81635
81656
81684
81729
81739
81753
81782
81794
81796
81803
81804
81831
81834
81837
81848
81879
81885
81890
81939
81945
81957
82000
82027
82048
82087
82092
82100
82115
82123
82165
82197
82212
82224
82275
82289
82313
82364
82364
82382
82400
82409
82413
82429
82435
82493
82519
82523
82527
82530
82569
82610
82653
82667
82683
82707
82707
82758
82828
82838
82900
82914
82928
82942
82948
82998
83014
83088
83091
83116
83129
83161
83170
83178
83179
83216
83217
83219
83225
83227
83237
83249
83262
83264
83265
83271
83278
83279
83317
83332
83347
83370
83382
83388
83389
83399
83399
83402
83416
83420
83423
83444
83465
83486
83522
83533
83546
83548
83568
83573
83575
83575
83593
83633
83641
83653
83662
83670
83672
83733
83792
83850
83873
83888
83895
83956
83973
83979
83982
83996
84022
84033
84070
84075
84112
84112
84130
84161
84174
84186
84191
84192
84235
84244
84254
84265
84271
84282
84283
84293
84297
84302
84306
84327
84357
84366
84379
84389
84407
84430
84434
84441
84455
84457
84480
84505
84513
84525
84529
84530
84532
84565
84603
84630
84641
84648
84688
84716
84738
84740
84741
84758
84780
84798
84813
84842
84848
84859
84870
84893
84909
84937
84943
84953
84997
85009
85014
85035
85044
85056
85058
85087
85117
85117
85147
85160
85183
85204
85253
85306
85339
85349
85355
85358
85375
85376
85378
85381
85396
85399
85402
85420
85422
85433
85466
85467
85470
85493
85517
85528
85542
85550
85558
85567
85571
85573
85579
85609
85621
85631
85647
85652
85667
85690
85692
85708
85714
85755
85758
85766
85770
85775
85797
85817
85820
85843
85851
85877
85881
85889
85903
85919
85948
85960
85977
85979
85985
85991
86079
86080
86105
86114
86154
86182
86185
86203
86213
86262
86277
86281
86285
86313
86318
86357
86396
86405
86413
86440
86457
86472
86499
86500
86508
86519
86525
86531
86532
86534
86542
86572
86585
86613
86668
86697
86719
86856
86863
86869
86873
86887
86895
86902
86956
86958
86958
86999
87036
87052
87082
87083
87093
87097
87105
87115
87115
87122
87128
87147
87153
87155
87233
87239
87274
87284
87290
87302
87307
87316
87326
87327
87333
87357
87357
87394
87397
87402
87409
87414
87421
87427
87432
87461
87494
87513
87517
87518
87527
87534
87537
87619
87651
87657
87660
87683
87691
87700
87703
87737
87742
87746
87793
87798
87829
87830
87839
87857
87868
87906
87925
87937
87938
87944
87955
87964
87984
87987
87995
88019
88020
88036
88065
88067
88068
88084
88085
88087
88100
88119
88130
88148
88155
88209
88218
88222
88227
88230
88243
88247
88258
88267
88275
88276
88280
88322
88332
88338
88341
88360
88364
88380
88385
88396
88399
88409
88418
88440
88442
88458
88480
88485
88506
88548
88571
88584
88594
88596
88600
88605
88615
88618
88621
88624
88629
88645
88665
88673
88725
88726
88750
88795
88798
88807
88814
88838
88853
88861
88866
88869
88906
88907
88949
88965
88991
88993
88998
89000
89029
89038
89039
89072
89086
89089
89115
89147
89198
89234
89250
89261
89265
89271
89288
89295
89301
89319
89341
89364
89397
89447
89455
89463
89499
89560
89562
89565
89577
89578
89593
89660
89663
89681
89687
89689
89700
89709
89713
89727
89730
89737
89746
89785
89786
89821
89827
89933
89971
89972
90007
90048
90062
90077
90080
90084
90091
90111
90136
90140
90141
90154
90172
90185
90218
90244
90282
90288
90291
90294
90319
90320
90342
90370
90381
90385
90385
90420
90449
90470
90484
90492
90514
90547
90554
90604
90613
90613
90613
90619
90644
90670
90671
90677
90680
90716
90716
90727
90732
90732
90737
90759
90768
90771
90774
90774
90806
90815
90823
90824
90832
90869
90882
90889
90899
90909
90915
90917
90952
90954
90962
90969
90988
90997
91033
91034
91047
91049
91126
91143
91144
91146
91175
91189
91195
91196
91202
91206
91209
91209
91211
91239
91253
91262
91289
91297
91303
91339
91342
91366
91366
91418
91424
91444
91451
91457
91470
91543
91571
91592
91630
91636
91658
91679
91710
91723
91728
91734
91753
91789
91852
91853
91868
91876
91940
91959
91981
92021
92044
92051
92053
92072
92096
92110
92113
92113
92116
92167
92168
92175
92218
92231
92260
92267
92275
92288
92307
92308
92356
92368
92375
92395
92411
92414
92438
92462
92464
92476
92478
92504
92523
92548
92554
92568
92611
92616
92627
92639
92643
92644
92656
92658
92658
92661
92668
92668
92697
92700
92727
92737
92742
92747
92749
92749
92757
92765
92769
92769
92836
92839
92855
92880
92897
92904
92939
92941
92983
92994
93011
93015
93070
93131
93155
93182
93192
93216
93216
93219
93227
93231
93265
93266
93266
93267
93281
93296
93304
93332
93341
93348
93356
93405
93405
93427
93431
93434
93442
93461
93473
93480
93482
93490
93497
93497
93504
93519
93519
93520
93527
93547
93568
93575
93575
93580
93600
93601
93626
93650
93662
93689
93696
93715
93718
93741
93750
93752
93754
93777
93803
93823
93833
93838
93869
93881
93896
93900
93906
93908
94016
94023
94035
94052
94077
94097
94109
94110
94114
94134
94143
94150
94159
94165
94169
94176
94192
94224
94232
94269
94314
94324
94329
94336
94342
94352
94399
94412
94413
94426
94429
94476
94477
94481
94494
94502
94530
94545
94556
94566
94572
94602
94621
94650
94671
94673
94677
94734
94784
94785
94814
94819
94880
94904
94916
94928
94935
94953
94965
94974
94989
94994
94997
95004
95029
95045
95046
95076
95081
95086
95100
95123
95128
95173
95184
95196
95200
95203
95208
95228
95237
95237
95237
95239
95247
95251
95252
95257
95257
95273
95324
95324
95324
95341
95357
95367
95399
95418
95419
95430
95444
95462
95466
95476
95506
95507
95507
95525
95556
95561
95563
95573
95577
95585
95586
95612
95631
95645
95646
95656
95668
95684
95693
95746
95754
95764
95781
95781
95813
95813
95836
95841
95850
95882
95898
95901
95934
95942
95961
96041
96061
96062
96094
96115
96116
96123
96124
96166
96212
96229
96236
96238
96259
96267
96274
96279
96292
96299
96358
96359
96361
96369
96373
96406
96414
96468
96491
96501
96503
96558
96567
96625
96665
96668
96670
96671
96678
96680
96693
96706
96733
96738
96744
96755
96758
96763
96773
96775
96802
96813
96817
96817
96822
96854
96855
96865
96891
96897
96915
96917
96919
96949
96960
96985
97006
97017
97026
97040
97074
97076
97092
97100
97106
97136
97182
97193
97195
97205
97215
97216
97251
97259
97265
97279
97299
97330
97368
97390
97406
97421
97439
97440
97443
97454
97459
97473
97503
97510
97518
97524
97560
97566
97586
97589
97607
97607
97618
97650
97662
97664
97683
97686
97689
97690
97715
97726
97737
97737
97750
97787
97810
97813
97819
97825
97858
97860
97862
97865
97874
97886
97908
97932
97943
97967
97971
97983
97987
98076
98112
98125
98129
98138
98144
98145
98213
98260
98261
98265
98273
98276
98290
98296
98309
98322
98324
98340
98358
98365
98372
98373
98378
98443
98455
98457
98482
98483
98485
98488
98518
98529
98529
98541
98565
98604
98623
98682
98689
98689
98719
98750
98758
98775
98784
98830
98838
98849
98853
98862
98867
98899
98902
98906
98927
98928
98996
99004
99058
99084
99101
99116
99133
99134
99170
99180
99184
99187
99200
99233
99239
99242
99243
99247
99262
99276
99291
99331
99348
99406
99462
99476
99499
99506
99508
99540
99552
99571
99589
99610
99613
99634
99656
99659
99661
99665
99669
99677
99681
99692
99704
99705
99731
99745
99747
99751
99796
99796
99804
99812
99835
99838
99851
99853
99857
99865
99874
99877
99887
99891
99891
99892
99899
99902
99912
99926
99971
99977
