19
25
47
59
84
85
126
129
131
134
162
179
179
215
279
285
315
343
361
378
380
421
424
452
481
490
577
592
629
652
653
666
668
673
674
703
731
794
839
868
873
918
924
931
936
937
938
943
945
948
967
982
988
1011
1038
1041
1056
1060
1064
1143
1148
1163
1165
1195
1215
1223
1230
1239
1244
1253
1261
1273
1283
1289
1318
1318
1323
1384
1410
1416
1421
1457
1458
1469
1490
1509
1535
1549
1563
1577
1594
1601
1624
1655
1660
1664
1664
1685
1690
1728
1738
1759
1762
1767
1802
1814
1817
1819
1825
1873
1891
1896
1913
1917
1924
1948
1964
2035
2037
2039
2041
2074
2087
2087
2093
2094
2094
2129
2130
2143
2146
2149
2156
2178
2178
2192
2193
2222
2269
2282
2289
2326
2338
2345
2346
2346
2377
2379
2393
2416
2428
2461
2503
2534
2559
2563
2567
2585
2626
2627
2641
2652
2652
2667
2674
2721
2747
2756
2774
2781
2782
2789
2793
2798
2836
2863
2876
2887
2889
2911
2934
2940
2945
2955
3021
3029
3034
3035
3050
3070
3074
3076
3081
3099
3120
3122
3129
3138
3159
3160
3168
3170
3173
3198
3216
3264
3306
3321
3355
3356
3357
3377
3442
3456
3466
3475
3482
3505
3514
3524
3547
3571
3622
3627
3676
3683
3702
3732
3733
3747
3749
3762
3764
3773
3773
3779
3784
3854
3866
3901
3904
3905
3907
3916
3921
3927
3929
3933
3961
3982
3986
3987
3988
3991
3998
4010
4025
4030
4042
4044
4057
4064
4064
4070
4082
4090
4110
4125
4146
4147
4165
4192
4196
4200
4215
4235
4238
4250
4255
4274
4307
4321
4345
4354
4364
4379
4404
4454
4469
4497
4501
4516
4526
4527
4533
4565
4565
4567
4567
4575
4596
4615
4628
4663
4668
4686
4696
4736
4750
4751
4770
4775
4792
4798
4801
4809
4874
4894
4908
4923
4965
4994
4999
5002
5026
5058
5081
5083
5099
5104
5125
5131
5136
5141
5146
5152
5189
5193
5225
5226
5252
5273
5280
5287
5310
5325
5330
5391
5398
5401
5433
5433
5447
5455
5466
5468
5494
5526
5530
5544
5560
5576
5576
5578
5583
5606
5620
5671
5693
5696
5727
5727
5742
5755
5761
5769
5810
5864
5893
5910
5913
5918
5935
5936
5979
5980
6011
6079
6084
6091
6104
6133
6163
6212
6245
6252
6255
6269
6281
6335
6338
6341
6347
6357
6368
6375
6400
6417
6433
6438
6447
6447
6455
6520
6535
6567
6569
6587
6601
6607
6609
6625
6630
6634
6661
6672
6689
6751
6778
6784
6816
6837
6859
6884
6891
6893
6941
6947
6979
6994
7000
7031
7033
7039
7053
7081
7092
7101
7112
7113
7127
7171
7176
7182
7201
7207
7215
7217
7219
7275
7278
7279
7280
7320
7321
7386
7401
7428
7468
7479
7490
7491
7492
7517
7526
7543
7545
7546
7551
7559
7568
7612
7620
7628
7632
7642
7682
7700
7721
7727
7730
7745
7760
7833
7845
7846
7876
7891
7911
7915
7933
7939
7942
7942
7945
7950
7970
7971
8061
8078
8087
8095
8121
8123
8147
8153
8154
8184
8213
8229
8232
8262
8268
8284
8304
8334
8385
8404
8421
8440
8465
8467
8483
8487
8507
8524
8524
8528
8533
8535
8545
8568
8578
8612
8613
8631
8650
8650
8653
8675
8687
8705
8718
8734
8734
8741
8749
8756
8758
8773
8783
8787
8814
8864
8870
8877
8887
8902
8908
8911
8920
8923
8938
8945
8959
8964
8964
8983
9010
9014
9027
9040
9059
9116
9127
9129
9132
9134
9159
9169
9184
9200
9219
9243
9274
9294
9392
9402
9428
9461
9477
9482
9513
9528
9537
9574
9576
9577
9578
9590
9630
9643
9654
9654
9678
9707
9708
9722
9735
9747
9752
9777
9785
9795
9795
9806
9827
9840
9845
9847
9897
9917
9930
9945
9955
9960
9969
9972
9973
9974
10005
10015
10041
10043
10049
10070
10072
10075
10081
10129
10134
10146
10157
10209
10210
10241
10244
10259
10268
10282
10288
10309
10331
10368
10384
10397
10425
10429
10450
10455
10461
10520
10537
10541
10586
10589
10593
10594
10601
10608
10625
10639
10643
10662
10689
10702
10711
10716
10736
10740
10765
10780
10848
10850
10883
10933
10955
10981
10987
11018
11019
11027
11033
11039
11041
11053
11087
11107
11143
11147
11151
11155
11191
11194
11196
11199
11203
11211
11230
11230
11240
11251
11270
11320
11333
11350
11364
11392
11403
11446
11450
11480
11486
11520
11520
11536
11553
11571
11577
11596
11604
11611
11621
11623
11625
11641
11645
11645
11684
11701
11735
11785
11790
11796
11813
11858
11867
11880
11909
11916
11918
11922
11924
11939
12004
12005
12008
12014
12040
12044
12075
12095
12101
12105
12134
12145
12166
12172
12203
12216
12243
12251
12259
12260
12271
12299
12302
12350
12359
12373
12388
12418
12512
12547
12557
12569
12604
12608
12616
12681
12683
12755
12759
12775
12776
12787
12806
12816
12852
12854
12858
12865
12875
12891
12895
12933
12945
13023
13031
13033
13059
13075
13079
13101
13110
13134
13148
13154
13157
13180
13181
13184
13193
13203
13240
13253
13286
13347
13347
13393
13399
13405
13439
13480
13498
13546
13553
13586
13623
13624
13636
13643
13645
13649
13665
13674
13697
13709
13745
13749
13793
13808
13820
13859
13861
13867
13869
13880
13881
13883
13887
13889
13944
13951
13960
13961
13968
13976
13979
13995
14023
14056
14090
14091
14105
14112
14119
14146
14147
14236
14259
14287
14295
14345
14396
14416
14486
14501
14529
14530
14547
14562
14572
14592
14615
14625
14633
14642
14647
14669
14689
14704
14727
14737
14740
14744
14754
14760
14765
14770
14805
14827
14861
14863
14947
14947
14966
14968
14983
14990
14996
15011
15011
15046
15055
15057
15058
15072
15086
15087
15127
15152
15183
15187
15225
15227
15294
15305
15318
15331
15343
15350
15364
15366
15390
15399
15402
15403
15414
15459
15462
15469
15474
15484
15529
15529
15532
15537
15545
15547
15552
15554
15573
15593
15628
15637
15638
15655
15677
15683
15684
15696
15710
15710
15738
15751
15772
15797
15822
15841
15849
15858
15903
15927
15927
15990
16003
16005
16019
16055
16062
16063
16066
16067
16076
16093
16130
16134
16242
16330
16332
16353
16374
16377
16379
16388
16392
16405
16424
16453
16458
16477
16507
16514
16525
16531
16555
16598
16618
16620
16637
16657
16662
16666
16703
16714
16716
16727
16769
16778
16784
16797
16845
16857
16858
16870
16873
16877
16950
16955
16962
17006
17010
17014
17049
17051
17099
17104
17159
17170
17236
17238
17239
17242
17270
17283
17286
17292
17320
17321
17327
17328
17336
17349
17353
17356
17356
17445
17458
17465
17500
17507
17510
17525
17547
17599
17601
17605
17649
17652
17673
17683
17706
17717
17717
17722
17761
17781
17795
17798
17827
17843
17846
17858
17862
17878
17968
17988
18023
18027
18035
18056
18097
18120
18130
18136
18152
18191
18194
18202
18233
18233
18269
18274
18283
18292
18293
18304
18321
18327
18357
18357
18385
18389
18395
18445
18455
18493
18496
18506
18516
18516
18532
18568
18589
18669
18670
18687
18700
18707
18740
18750
18766
18774
18779
18779
18780
18790
18790
18817
18826
18828
18853
18856
18868
18891
18897
18916
18916
18920
18926
18942
18945
18946
18971
18981
18987
18989
19000
19003
19008
19019
19056
19071
19085
19113
19122
19125
19173
19189
19208
19226
19259
19268
19291
19294
19322
19333
19357
19368
19376
19394
19398
19408
19411
19411
19452
19466
19472
19486
19497
19501
19521
19556
19575
19578
19596
19602
19641
19644
19671
19677
19698
19709
19719
19720
19736
19755
19758
19767
19771
19798
19815
19826
19850
19855
19865
19881
19883
19913
19929
19931
19950
19963
20000
20010
20023
20030
20045
20072
20107
20121
20145
20150
20153
20158
20176
20193
20216
20219
20244
20251
20261
20274
20280
20404
20412
20417
20430
20461
20464
20467
20469
20496
20505
20515
20548
20567
20573
20590
20598
20600
20629
20633
20647
20650
20650
20691
20702
20715
20725
20731
20737
20740
20755
20760
20771
20785
20809
20810
20836
20837
20843
20871
20880
20884
20912
20927
20932
20940
20950
20966
21005
21031
21062
21063
21068
21075
21102
21107
21120
21138
21140
21176
21177
21230
21294
21327
21371
21374
21393
21423
21428
21429
21447
21454
21458
21462
21473
21538
21544
21550
21565
21588
21589
21595
21600
21606
21618
21623
21634
21637
21657
21679
21680
21683
21683
21685
21704
21708
21716
21744
21752
21792
21795
21801
21835
21840
21861
21862
21885
21896
21934
21937
21957
22003
22042
22056
22058
22067
22074
22106
22116
22118
22132
22136
22189
22190
22204
22208
22247
22259
22295
22297
22310
22343
22360
22398
22418
22431
22432
22455
22460
22466
22472
22499
22508
22527
22535
22542
22553
22573
22578
22582
22587
22588
22589
22600
22602
22634
22644
22648
22654
22660
22669
22703
22716
22736
22747
22751
22792
22841
22855
22868
22874
22933
22946
22974
23001
23008
23015
23031
23057
23066
23068
23085
23113
23120
23144
23150
23165
23173
23198
23215
23217
23237
23245
23257
23262
23266
23287
23287
23307
23312
23317
23325
23340
23402
23436
23438
23455
23466
23515
23521
23563
23567
23567
23620
23623
23637
23647
23751
23784
23789
23796
23805
23806
23846
23856
23860
23876
23880
23891
23958
23968
23988
24009
24009
24028
24064
24083
24097
24145
24154
24190
24194
24244
24254
24256
24281
24333
24346
24356
24378
24384
24392
24423
24486
24517
24528
24539
24546
24568
24603
24648
24660
24677
24679
24713
24742
24743
24753
24757
24790
24834
24841
24857
24864
24887
24891
24893
24898
24900
24920
24922
24949
24951
24957
24960
24986
24986
24989
24993
25023
25038
25051
25073
25085
25086
25087
25089
25127
25135
25187
25234
25237
25249
25267
25270
25271
25309
25319
25329
25334
25339
25363
25409
25429
25441
25454
25457
25466
25480
25494
25529
25541
25545
25607
25628
25647
25662
25669
25673
25684
25690
25710
25711
25722
25723
25753
25775
25790
25793
25800
25815
25818
25824
25828
25841
25843
25851
25854
25873
25875
25928
25931
25943
25954
25960
25962
26007
26018
26030
26096
26110
26115
26115
26115
26129
26129
26174
26177
26194
26212
26215
26221
26222
26223
26232
26269
26278
26283
26291
26315
26349
26353
26363
26373
26377
26381
26393
26396
26399
26409
26431
26444
26462
26480
26503
26505
26511
26514
26562
26570
26580
26592
26595
26595
26599
26613
26618
26634
26645
26668
26684
26730
26736
26754
26757
26832
26859
26860
26902
26914
26924
26929
26937
26972
26987
27003
27009
27033
27038
27102
27140
27147
27200
27210
27232
27262
27262
27272
27273
27286
27291
27295
27304
27312
27333
27344
27349
27383
27386
27411
27418
27432
27436
27463
27484
27499
27504
27520
27525
27537
27562
27572
27590
27603
27608
27625
27636
27643
27658
27670
27700
27700
27709
27741
27747
27760
27771
27778
27787
27798
27816
27819
27822
27846
27863
27863
27872
27888
27899
27915
27927
27992
28009
28035
28053
28107
28108
28117
28123
28137
28154
28177
28182
28244
28260
28267
28274
28284
28313
28314
28316
28336
28354
28364
28371
28373
28390
28413
28416
28438
28441
28465
28484
28502
28502
28526
28526
28551
28602
28618
28626
28633
28661
28691
28693
28696
28700
28706
28739
28748
28779
28805
28813
28816
28831
28843
28861
28865
28898
28905
28905
28943
28996
28999
29002
29005
29014
29034
29042
29046
29080
29082
29090
29099
29101
29147
29148
29187
29196
29203
29208
29213
29217
29229
29263
29329
29335
29341
29341
29357
29378
29380
29396
29397
29408
29427
29438
29445
29445
29446
29453
29453
29455
29469
29485
29490
29525
29561
29574
29584
29593
29611
29620
29670
29690
29692
29692
29702
29713
29742
29756
29756
29759
29777
29805
29829
29849
29854
29903
29933
29935
29944
29963
30004
30010
30037
30041
30094
30096
30130
30157
30158
30170
30177
30194
30238
30264
30267
30274
30313
30352
30354
30368
30372
30383
30407
30436
30460
30478
30499
30505
30519
30520
30529
30565
30605
30630
30655
30668
30679
30686
30694
30695
30742
30777
30789
30794
30859
30860
30890
30896
30903
30917
30924
30941
30953
30960
30964
30964
30969
31000
31015
31036
31048
31058
31062
31072
31086
31089
31101
31102
31133
31182
31184
31197
31206
31213
31216
31234
31279
31305
31320
31336
31344
31374
31377
31407
31408
31452
31475
31504
31511
31521
31528
31537
31550
31555
31561
31587
31613
31638
31643
31645
31665
31686
31705
31714
31742
31768
31770
31772
31826
31838
31845
31885
31919
31921
31921
31922
31965
31973
31993
31994
32006
32009
32033
32040
32078
32091
32095
32100
32118
32166
32206
32233
32249
32252
32294
32305
32310
32332
32337
32372
32401
32402
32447
32542
32560
32576
32579
32599
32631
32635
32656
32658
32679
32689
32691
32705
32725
32758
32769
32773
32782
32790
32797
32810
32815
32816
32822
32847
32857
32858
32860
32872
32874
32914
32932
32944
32957
32958
32960
32967
32994
33001
33023
33043
33054
33055
33058
33070
33104
33132
33174
33174
33198
33247
33271
33273
33290
33311
33319
33396
33412
33426
33439
33462
33494
33495
33520
33548
33552
33561
33564
33566
33575
33591
33598
33624
33632
33638
33655
33664
33700
33709
33732
33752
33760
33774
33781
33786
33788
33797
33826
33837
33839
33846
33850
33891
33939
33941
33943
33956
33987
33992
33994
34032
34039
34051
34053
34070
34077
34123
34149
34162
34179
34184
34185
34200
34210
34247
34247
34276
34281
34291
34325
34340
34357
34362
34363
34370
34387
34425
34432
34433
34436
34437
34462
34477
34489
34534
34556
34565
34586
34603
34660
34662
34665
34700
34725
34733
34734
34744
34749
34755
34794
34822
34822
34828
34859
34870
34884
34885
34892
34907
34921
34921
34926
34931
34931
34933
34997
35003
35010
35049
35076
35092
35120
35132
35136
35210
35218
35225
35235
35293
35296
35296
35371
35377
35409
35412
35417
35425
35468
35477
35503
35511
35522
35522
35544
35556
35562
35568
35573
35601
35611
35616
35640
35651
35662
35690
35730
35755
35764
35805
35838
35843
35846
35848
35858
35873
35884
35886
35912
35951
35958
35988
35991
36001
36018
36021
36031
36068
36121
36137
36153
36189
36228
36241
36241
36291
36313
36315
36344
36364
36382
36382
36386
36389
36390
36412
36425
36447
36450
36466
36480
36529
36542
36567
36571
36604
36613
36617
36645
36656
36663
36670
36677
36689
36725
36764
36772
36808
36848
36886
36900
36926
36932
36970
36986
36993
37006
37046
37068
37071
37076
37091
37103
37103
37118
37137
37168
37173
37180
37189
37200
37209
37211
37215
37226
37227
37257
37287
37301
37322
37356
37370
37372
37395
37420
37433
37450
37457
37463
37475
37513
37539
37550
37591
37607
37631
37632
37643
37654
37661
37668
37726
37732
37759
37766
37778
37791
37799
37813
37815
37834
37885
37900
37900
37903
37909
37939
37970
37996
38002
38002
38035
38090
38132
38136
38137
38179
38212
38224
38229
38250
38266
38270
38290
38290
38327
38339
38360
38361
38367
38380
38385
38418
38419
38428
38437
38475
38476
38501
38529
38556
38564
38573
38599
38615
38624
38631
38646
38654
38710
38710
38720
38742
38766
38801
38823
38826
38828
38829
38835
38838
38858
38865
38880
38895
38922
38950
38970
38975
39058
39063
39072
39101
39120
39124
39142
39154
39159
39187
39190
39193
39202
39217
39227
39235
39240
39271
39287
39306
39316
39321
39333
39386
39405
39440
39449
39465
39481
39491
39507
39530
39548
39554
39560
39640
39644
39649
39655
39663
39687
39688
39693
39716
39726
39739
39743
39766
39772
39775
39796
39830
39870
39890
39923
39925
39950
39961
39973
40001
40028
40028
40056
40100
40124
40130
40143
40163
40180
40184
40189
40246
40283
40284
40294
40294
40302
40305
40324
40344
40383
40386
40390
40392
40406
40420
40420
40432
40433
40433
40438
40450
40525
40551
40567
40584
40595
40611
40618
40657
40674
40689
40698
40699
40703
40740
40761
40774
40782
40791
40815
40823
40850
40880
40901
40932
40950
40951
40969
40980
40983
40986
41017
41021
41033
41036
41040
41042
41042
41053
41076
41122
41152
41156
41174
41175
41180
41202
41217
41223
41241
41267
41312
41317
41319
41343
41356
41362
41362
41379
41388
41409
41418
41435
41461
41470
41479
41486
41498
41550
41610
41623
41625
41628
41639
41642
41656
41661
41666
41726
41737
41768
41801
41827
41829
41830
41855
41896
41896
41899
41905
41915
41920
41922
41939
41942
41948
41971
41976
41992
42005
42016
42021
42047
42053
42064
42071
42074
42111
42127
42173
42205
42209
42210
42212
42244
42266
42293
42298
42302
42319
42342
42354
42361
42448
42467
42492
42514
42530
42567
42576
42586
42586
42618
42638
42648
42659
42662
42667
42675
42729
42761
42762
42792
42793
42798
42798
42799
42800
42806
42809
42815
42832
42837
42843
42873
42889
42895
42895
42920
42947
42949
42962
42964
42970
42986
42988
42997
43045
43047
43050
43062
43065
43086
43104
43106
43119
43121
43160
43198
43224
43228
43236
43238
43258
43263
43276
43292
43308
43313
43323
43323
43332
43339
43352
43355
43419
43475
43487
43511
43515
43523
43528
43557
43568
43573
43582
43586
43641
43674
43677
43708
43709
43749
43771
43773
43778
43793
43807
43831
43859
43885
43885
43915
43923
43925
43926
43930
43936
43944
43946
43980
44013
44023
44036
44068
44098
44104
44141
44150
44161
44173
44177
44186
44190
44199
44219
44235
44277
44286
44288
44292
44317
44346
44368
44371
44385
44400
44411
44411
44441
44446
44446
44452
44459
44487
44514
44572
44591
44610
44610
44612
44628
44629
44668
44687
44691
44706
44766
44771
44835
44854
44858
44866
44880
44882
44888
44985
45032
45046
45056
45068
45074
45092
45097
45209
45252
45252
45258
45271
45272
45289
45296
45319
45320
45322
45375
45420
45424
45450
45473
45498
45526
45528
45530
45559
45564
45581
45609
45614
45614
45615
45669
45677
45680
45681
45682
45695
45773
45809
45821
45845
45846
45849
45869
45885
45892
45927
45931
45940
45953
45973
45974
45976
45977
45977
45996
45997
46059
46081
46091
46096
46097
46128
46146
46155
46172
46184
46225
46232
46253
46282
46322
46323
46347
46353
46366
46374
46383
46406
46407
46418
46422
46434
46436
46461
46500
46508
46556
46560
46565
46568
46570
46570
46613
46620
46623
46624
46635
46642
46650
46664
46683
46686
46689
46700
46704
46711
46725
46734
46748
46752
46756
46778
46813
46847
46874
46887
46890
46902
46906
46922
46945
46948
46951
46984
46990
46996
47014
47028
47042
47056
47060
47068
47071
47081
47136
47154
47176
47179
47245
47254
47262
47268
47286
47300
47309
47313
47326
47360
47382
47387
47412
47419
47425
47426
47440
47446
47489
47492
47530
47548
47570
47599
47635
47642
47647
47648
47648
47674
47676
47731
47734
47775
47776
47807
47813
47815
47839
47841
47864
47884
47920
47954
47963
47995
47996
48005
48029
48032
48084
48112
48126
48128
48166
48173
48188
48190
48194
48209
48233
48236
48247
48298
48311
48319
48331
48347
48347
48373
48376
48404
48420
48426
48443
48474
48483
48484
48498
48503
48550
48597
48600
48608
48608
48629
48643
48666
48690
48696
48696
48697
48712
48719
48725
48740
48753
48757
48764
48775
48776
48779
48783
48816
48826
48839
48849
48849
48863
48864
48918
48945
48955
48995
48998
49003
49010
49042
49063
49063
49075
49129
49163
49167
49230
49255
49257
49264
49280
49313
49327
49360
49369
49407
49416
49537
49556
49566
49568
49570
49581
49582
49591
49605
49617
49620
49633
49647
49669
49673
49700
49705
49715
49758
49796
49809
49810
49816
49850
49852
49855
49871
49900
49900
49909
49921
49923
49935
49940
49945
49948
49956
49966
49992
50012
50042
50059
50075
50078
50100
50103
50105
50112
50115
50125
50125
50125
50144
50161
50201
50212
50219
50221
50225
50231
50237
50264
50273
50316
50329
50330
50338
50343
50347
50356
50362
50425
50432
50449
50452
50465
50473
50483
50483
50495
50502
50537
50542
50580
50596
50676
50681
50694
50694
50708
50742
50754
50760
50775
50786
50808
50835
50883
50888
50894
50939
50941
50942
50962
50976
51000
51004
51006
51043
51056
51097
51099
51111
51156
51160
51182
51202
51207
51209
51240
51290
51311
51321
51331
51334
51387
51432
51434
51441
51464
51489
51494
51510
51545
51550
51564
51577
51582
51589
51618
51629
51636
51665
51728
51744
51780
51804
51836
51836
51886
51893
51943
51971
51993
52001
52017
52033
52053
52063
52092
52095
52110
52111
52122
52159
52162
52168
52235
52235
52254
52271
52293
52300
52305
52308
52310
52345
52369
52395
52398
52402
52462
52501
52510
52516
52524
52547
52560
52570
52613
52624
52625
52632
52636
52637
52674
52674
52749
52774
52778
52784
52798
52807
52808
52817
52840
52841
52841
52951
52983
52989
53007
53007
53007
53036
53044
53063
53085
53086
53093
53097
53099
53111
53112
53113
53127
53145
53151
53156
53158
53236
53267
53283
53284
53295
53347
53369
53405
53405
53405
53413
53433
53433
53441
53444
53476
53519
53521
53552
53567
53579
53581
53582
53639
53642
53658
53669
53670
53670
53683
53729
53729
53731
53737
53739
53757
53759
53765
53772
53795
53800
53802
53875
53888
53919
53981
54004
54026
54032
54101
54178
54181
54194
54195
54208
54240
54244
54262
54278
54293
54333
54349
54370
54372
54373
54399
54408
54412
54417
54436
54436
54446
54456
54459
54491
54494
54511
54528
54532
54538
54541
54576
54577
54607
54609
54649
54657
54677
54680
54680
54706
54723
54754
54773
54790
54798
54802
54807
54818
54835
54844
54846
54848
54906
54924
54938
54957
54965
54972
54985
54993
54999
55000
55020
55021
55029
55088
55097
55098
55132
55136
55162
55188
55197
55215
55217
55239
55262
55263
55269
55278
55290
55323
55331
55381
55389
55401
55411
55444
55446
55452
55463
55465
55469
55489
55498
55525
55540
55548
55567
55570
55586
55596
55611
55624
55626
55659
55672
55717
55719
55720
55723
55734
55743
55787
55793
55821
55838
55839
55848
55855
55857
55900
55907
55909
55910
55919
55923
55938
56001
56002
56012
56022
56042
56056
56071
56126
56141
56150
56152
56154
56170
56175
56256
56295
56310
56333
56335
56338
56362
56378
56419
56421
56429
56489
56491
56535
56551
56572
56628
56638
56641
56650
56655
56657
56669
56685
56702
56738
56747
56748
56778
56782
56790
56799
56817
56825
56828
56841
56869
56876
56878
56881
56902
56931
56951
56962
56967
56975
56977
56996
57018
57026
57028
57038
57039
57043
57045
57047
57058
57072
57083
57103
57119
57139
57147
57150
57162
57178
57196
57250
57267
57270
57273
57288
57310
57322
57326
57335
57344
57348
57401
57404
57424
57448
57450
57462
57487
57504
57505
57517
57536
57541
57543
57549
57550
57586
57590
57627
57632
57643
57685
57696
57715
57733
57741
57756
57761
57770
57782
57782
57806
57827
57832
57852
57861
57872
57879
57909
57920
57934
57961
57963
58024
58088
58093
58129
58132
58156
58174
58189
58203
58216
58250
58272
58294
58345
58366
58370
58372
58374
58380
58391
58394
58412
58421
58437
58448
58451
58455
58463
58469
58477
58525
58528
58546
58556
58565
58566
58626
58631
58632
58648
58671
58690
58692
58705
58708
58734
58752
58759
58771
58778
58785
58838
58864
58875
58900
58926
58936
58946
58947
58972
58979
58996
59009
59020
59054
59065
59069
59074
59094
59107
59116
59119
59156
59180
59205
59207
59225
59234
59256
59266
59275
59295
59303
59320
59340
59387
59404
59423
59425
59430
59437
59449
59452
59461
59523
59544
59613
59614
59620
59642
59668
59691
59701
59703
59741
59746
59754
59765
59778
59826
59839
59858
59868
59869
59873
59905
59921
59933
59951
59954
59955
59956
59978
60010
60040
60056
60068
60104
60124
60126
60150
60151
60157
60180
60200
60203
60246
60248
60252
60268
60276
60286
60286
60305
60305
60314
60335
60339
60352
60359
60385
60389
60401
60418
60424
60438
60440
60473
60488
60507
60524
60534
60540
60548
60553
60561
60584
60609
60609
60633
60647
60656
60665
60670
60697
60698
60709
60748
60765
60774
60792
60793
60818
60829
60846
60849
60853
60856
60881
60898
60905
60953
60953
60985
60998
61037
61040
61044
61049
61058
61060
61070
61075
61081
61082
61135
61137
61138
61145
61157
61187
61197
61203
61204
61273
61277
61286
61288
61302
61337
61347
61362
61419
61429
61458
61464
61476
61495
61500
61502
61511
61539
61541
61558
61592
61599
61656
61662
61675
61727
61737
61807
61823
61842
61880
61881
61908
61929
61938
61938
61951
61985
62069
62069
62110
62119
62119
62128
62141
62151
62165
62177
62183
62212
62218
62266
62282
62314
62314
62353
62384
62397
62398
62409
62409
62415
62442
62459
62492
62495
62582
62603
62615
62634
62652
62654
62662
62698
62703
62714
62720
62720
62730
62734
62741
62743
62758
62774
62774
62783
62789
62818
62821
62822
62837
62841
62847
62866
62873
62873
62874
62876
62888
62894
62924
62944
62965
62986
63011
63041
63094
63099
63123
63126
63132
63146
63148
63191
63200
63225
63296
63313
63338
63358
63359
63385
63412
63442
63447
63483
63492
63492
63493
63496
63525
63527
63532
63550
63553
63574
63604
63607
63621
63622
63633
63644
63654
63667
63696
63709
63747
63749
63750
63787
63794
63821
63843
63848
63872
63872
63878
63880
63885
63922
63927
63962
63974
63982
63989
64031
64093
64099
64125
64187
64194
64201
64233
64233
64249
64285
64299
64306
64309
64320
64321
64351
64353
64388
64418
64429
64433
64435
64450
64454
64469
64471
64483
64535
64549
64562
64562
64565
64592
64654
64666
64679
64694
64695
64706
64741
64746
64758
64758
64788
64814
64820
64823
64832
64858
64871
64923
64939
64958
64998
65005
65006
65047
65107
65113
65137
65144
65158
65161
65176
65187
65201
65202
65263
65270
65273
65275
65278
65288
65289
65295
65347
65361
65382
65396
65411
65412
65413
65462
65471
65488
65497
65499
65502
65513
65517
65526
65527
65528
65553
65556
65561
65568
65572
65576
65598
65622
65632
65633
65638
65653
65665
65701
65704
65704
65704
65720
65728
65738
65764
65783
65811
65813
65819
65822
65834
65852
65853
65857
65877
65877
65889
65902
65912
65915
65915
65930
65993
66007
66019
66020
66055
66100
66114
66136
66181
66217
66228
66234
66241
66244
66270
66370
66378
66485
66496
66541
66575
66608
66609
66642
66646
66651
66664
66715
66723
66738
66767
66781
66838
66855
66868
66871
66871
66872
66873
66888
66910
66977
66994
67010
67027
67027
67055
67072
67100
67107
67117
67143
67150
67160
67189
67192
67192
67197
67211
67221
67221
67240
67250
67270
67313
67315
67330
67342
67380
67391
67406
67430
67430
67468
67473
67499
67538
67543
67553
67572
67593
67596
67597
67599
67600
67600
67667
67668
67671
67688
67707
67714
67715
67725
67759
67766
67778
67791
67823
67854
67855
67865
67880
67881
67889
67900
67907
67921
67954
67973
68015
68031
68061
68066
68106
68112
68123
68144
68158
68166
68183
68209
68219
68220
68223
68239
68263
68275
68297
68304
68366
68402
68411
68500
68529
68535
68586
68601
68613
68649
68665
68668
68672
68710
68710
68806
68809
68831
68832
68837
68837
68854
68876
68882
68911
68925
68940
68968
68978
68998
69010
69010
69012
69057
69079
69090
69090
69091
69094
69107
69109
69145
69146
69160
69172
69177
69203
69208
69214
69240
69247
69253
69273
69308
69315
69324
69374
69388
69431
69438
69459
69466
69468
69477
69496
69498
69504
69505
69523
69535
69538
69557
69560
69622
69628
69694
69700
69727
69740
69743
69766
69797
69825
69834
69844
69851
69896
69897
69906
69944
69960
69965
69978
69984
69996
70028
70034
70041
70070
70093
70106
70134
70143
70150
70151
70152
70166
70174
70178
70215
70233
70248
70253
70260
70280
70295
70323
70367
70371
70373
70384
70402
70415
70415
70435
70440
70448
70462
70465
70498
70508
70536
70537
70568
70581
70593
70607
70615
70643
70657
70689
70693
70712
70723
70740
70758
70786
70796
70820
70834
70836
70857
70858
70876
70888
70895
70904
70937
70951
70957
70958
71014
71080
71090
71109
71120
71142
71151
71166
71185
71199
71220
71226
71230
71243
71254
71263
71266
71279
71296
71307
71324
71328
71337
71361
71367
71424
71441
71454
71456
71457
71467
71478
71479
71491
71508
71516
71546
71578
71582
71583
71593
71611
71659
71676
71681
71707
71747
71750
71765
71794
71801
71820
71831
71832
71832
71834
71852
71864
71883
71911
71914
71915
71944
71953
71958
71964
71969
71989
71997
72005
72022
72043
72045
72070
72078
72085
72114
72115
72117
72123
72123
72129
72160
72171
72174
72175
72198
72227
72255
72272
72289
72293
72295
72300
72309
72314
72340
72362
72394
72410
72435
72465
72479
72488
72500
72550
72562
72581
72600
72655
72657
72669
72674
72687
72711
72812
72818
72845
72849
72854
72869
72876
72888
72906
72909
72909
72923
73025
73037
73044
73055
73061
73061
73062
73065
73073
73077
73081
73113
73116
73125
73134
73140
73161
73213
73225
73238
73246
73275
73283
73294
73296
73334
73338
73341
73352
73354
73362
73364
73365
73366
73396
73404
73443
73464
73520
73534
73538
73543
73585
73590
73617
73648
73663
73709
73721
73730
73732
73767
73771
73775
73776
73789
73794
73801
73814
73828
73846
73867
73881
73897
73908
73940
73980
73981
74009
74011
74053
74064
74089
74098
74117
74119
74119
74119
74124
74138
74145
74163
74245
74288
74298
74318
74327
74344
74346
74357
74364
74377
74391
74416
74417
74464
74486
74497
74516
74549
74573
74574
74593
74598
74600
74615
74617
74624
74633
74645
74661
74665
74691
74696
74704
74708
74731
74753
74774
74774
74782
74792
74805
74824
74851
74872
74881
74906
74960
74970
74973
74981
74982
74991
74993
75001
75013
75013
75032
75040
75049
75050
75051
75073
75074
75080
75114
75122
75164
75170
75171
75177
75190
75199
75202
75204
75235
75250
75255
75258
75273
75296
75310
75324
75354
75356
75360
75372
75419
75420
75430
75471
75474
75489
75492
75514
75520
75524
75542
75558
75558
75570
75593
75606
75629
75629
75630
75640
75669
75673
75696
75737
75768
75780
75789
75804
75805
75810
75811
75826
75827
75834
75837
75856
75862
75896
75944
75971
76009
76022
76038
76056
76082
76088
76089
76104
76108
76111
76165
76180
76186
76204
76205
76206
76221
76238
76238
76246
76252
76259
76262
76263
76277
76296
76302
76306
76306
76361
76373
76378
76431
76439
76447
76448
76462
76550
76563
76566
76603
76613
76613
76626
76652
76667
76680
76682
76682
76687
76688
76695
76700
76719
76734
76740
76767
76840
76850
76870
76871
76919
76922
76929
76957
76960
76974
76997
77016
77026
77037
77101
77110
77123
77125
77130
77136
77142
77147
77152
77166
77169
77187
77210
77239
77254
77256
77258
77273
77311
77315
77316
77338
77338
77350
77375
77378
77396
77401
77411
77448
77452
77455
77457
77460
77460
77460
77507
77521
77541
77553
77562
77567
77579
77593
77595
77640
77644
77716
77724
77751
77767
77776
77797
77813
77823
77846
77862
77872
77878
77887
77894
77902
77905
77933
77950
77987
78001
78017
78022
78046
78072
78092
78098
78099
78111
78112
78135
78147
78147
78155
78174
78186
78217
78250
78269
78292
78301
78326
78327
78366
78391
78400
78422
78437
78440
78444
78446
78447
78510
78530
78545
78556
78558
78568
78575
78595
78635
78642
78667
78669
78683
78684
78688
78696
78718
78730
78741
78751
78803
78806
78824
78830
78925
78927
78927
78944
78954
78964
79035
79039
79040
79041
79064
79081
79084
79087
79098
79115
79124
79132
79133
79140
79162
79175
79191
79209
79217
79246
79247
79257
79259
79275
79278
79286
79287
79314
79334
79376
79378
79390
79390
79410
79421
79431
79452
79463
79502
79514
79523
79542
79549
79550
79573
79581
79607
79613
79653
79690
79693
79766
79770
79825
79852
79860
79863
79868
79904
79909
79918
79920
79929
79951
79982
79993
80034
80038
80041
80049
80086
80091
80095
80102
80103
80111
80126
80149
80155
80156
80179
80214
80224
80238
80284
80311
80313
80317
80330
80332
80345
80348
80364
80391
80403
80407
80431
80445
80453
80489
80491
80513
80551
80558
80564
80565
80573
80579
80580
80607
80607
80617
80632
80646
80687
80688
80700
80756
80801
80810
80846
80847
80856
80856
80875
80899
80919
80929
80958
80969
80972
81036
81048
81069
81076
81097
81106
81139
81173
81193
81204
81222
81244
81256
81258
81259
81263
81285
81307
81310
81311
81319
81342
81354
81359
81359
81384
81391
81393
81405
81443
81449
81504
81524
81527
81532
81534
81537
81537
81550
81585
81612
81613
81630
81633
81669
81705
81705
81808
81819
81833
81844
81845
81911
81917
81918
81957
81958
81960
81962
81995
82014
82015
82029
82161
82165
82178
82185
82192
82209
82213
82217
82279
82280
82317
82352
82359
82365
82381
82383
82395
82396
82400
82478
82490
82492
82500
82500
82508
82522
82536
82536
82546
82555
82559
82604
82605
82621
82642
82648
82663
82694
82717
82731
82735
82738
82750
82785
82804
82806
82810
82822
82824
82840
82854
82863
82900
82910
82929
82986
82987
83027
83032
83046
83075
83104
83129
83139
83168
83177
83178
83180
83189
83190
83208
83213
83229
83252
83271
83276
83276
83279
83322
83328
83336
83359
83359
83360
83363
83365
83373
83379
83389
83432
83442
83468
83481
83508
83523
83528
83542
83557
83557
83593
83610
83610
83612
83616
83638
83640
83652
83667
83667
83681
83710
83724
83755
83756
83761
83799
83814
83815
83841
83853
83854
83871
83898
83916
83976
84028
84033
84033
84083
84084
84089
84100
84104
84112
84116
84152
84176
84205
84210
84221
84245
84248
84304
84319
84345
84357
84367
84370
84379
84414
84442
84448
84478
84500
84502
84526
84569
84612
84616
84631
84638
84641
84642
84643
84662
84670
84683
84691
84697
84704
84735
84743
84835
84841
84849
84858
84894
84896
84954
84969
84970
84971
84984
84988
85001
85009
85015
85050
85050
85079
85130
85133
85136
85137
85142
85149
85178
85191
85209
85218
85223
85233
85251
85266
85299
85314
85325
85336
85342
85346
85356
85391
85400
85410
85411
85427
85479
85480
85499
85503
85524
85524
85545
85550
85569
85601
85606
85606
85612
85614
85623
85644
85665
85703
85717
85721
85724
85739
85803
85835
85884
85888
85905
85963
85977
85990
85992
85995
85999
86005
86025
86031
86033
86048
86057
86083
86086
86136
86136
86162
86164
86219
86232
86272
86307
86310
86311
86311
86340
86423
86446
86447
86464
86466
86472
86489
86490
86493
86502
86511
86563
86588
86596
86600
86607
86658
86665
86666
86669
86684
86691
86694
86699
86722
86739
86750
86755
86757
86764
86779
86800
86810
86812
86821
86823
86830
86832
86832
86846
86849
86850
86857
86867
86885
86894
86916
86921
86934
86936
86942
87009
87028
87058
87066
87103
87120
87126
87146
87183
87185
87188
87193
87193
87202
87229
87235
87252
87277
87283
87288
87290
87322
87328
87347
87394
87407
87411
87414
87432
87452
87454
87464
87474
87477
87515
87523
87524
87527
87536
87562
87626
87629
87631
87648
87655
87655
87659
87669
87685
87709
87724
87797
87808
87810
87883
87932
87956
87957
87969
87972
87975
87994
88011
88042
88047
88050
88057
88058
88060
88067
88070
88086
88101
88115
88117
88159
88162
88165
88181
88181
88233
88237
88244
88247
88266
88290
88329
88336
88351
88352
88377
88405
88413
88425
88456
88464
88476
88528
88552
88563
88583
88583
88651
88651
88657
88702
88741
88818
88819
88825
88840
88872
88897
88907
88953
88999
89007
89015
89019
89036
89054
89055
89057
89059
89061
89141
89157
89164
89166
89171
89173
89174
89245
89342
89348
89355
89369
89398
89408
89412
89425
89436
89470
89475
89480
89492
89526
89530
89533
89554
89620
89622
89622
89627
89628
89635
89648
89649
89660
89686
89688
89694
89730
89741
89752
89766
89827
89833
89836
89855
89861
89864
89874
89880
89883
89901
89953
90007
90026
90033
90050
90099
90103
90108
90118
90128
90153
90163
90165
90186
90191
90191
90247
90256
90278
90291
90299
90301
90332
90357
90383
90400
90426
90447
90480
90506
90515
90525
90527
90551
90557
90560
90583
90608
90614
90616
90635
90641
90659
90672
90696
90716
90719
90726
90745
90750
90759
90838
90856
90865
90865
90867
90884
90898
90907
90936
90955
90960
90996
91020
91028
91032
91033
91038
91041
91059
91065
91076
91101
91102
91112
91130
91138
91186
91212
91239
91241
91264
91270
91283
91287
91311
91315
91352
91370
91377
91419
91425
91426
91428
91438
91439
91517
91523
91534
91536
91558
91580
91611
91644
91646
91667
91668
91710
91710
91743
91745
91746
91770
91775
91794
91830
91832
91832
91846
91880
91889
91924
91959
91986
92007
92035
92059
92070
92072
92077
92078
92117
92120
92192
92195
92231
92256
92285
92312
92327
92342
92360
92371
92425
92489
92523
92537
92548
92557
92571
92583
92596
92607
92635
92638
92649
92686
92695
92706
92739
92784
92789
92826
92847
92907
92912
92932
92938
92955
92983
93004
93029
93046
93083
93103
93144
93168
93218
93222
93226
93244
93259
93279
93286
93327
93333
93367
93387
93435
93443
93444
93448
93450
93459
93462
93466
93493
93531
93532
93549
93564
93579
93631
93632
93652
93686
93700
93709
93714
93736
93739
93744
93754
93802
93814
93819
93820
93831
93831
93842
93862
93866
93881
93884
93895
93919
93925
93933
93943
93947
93954
93959
93962
93969
93974
93984
93989
93996
94004
94022
94032
94045
94047
94063
94079
94080
94088
94129
94129
94220
94250
94252
94264
94264
94270
94280
94301
94344
94348
94351
94394
94394
94403
94423
94433
94437
94461
94469
94512
94548
94560
94577
94641
94646
94664
94667
94689
94719
94758
94758
94768
94781
94809
94844
94845
94860
94888
94896
94902
94903
94919
94971
94980
94988
94992
94995
95023
95026
95044
95064
95069
95091
95117
95124
95139
95168
95183
95197
95205
95214
95230
95262
95274
95279
95319
95330
95355
95361
95371
95381
95387
95449
95451
95465
95485
95495
95498
95517
95539
95545
95577
95578
95580
95609
95613
95621
95677
95679
95711
95732
95757
95764
95768
95799
95804
95819
95854
95867
95875
95915
95945
95956
95983
96003
96007
96017
96027
96030
96046
96091
96098
96104
96132
96148
96158
96194
96214
96226
96227
96242
96279
96300
96338
96340
96360
96399
96402
96412
96427
96443
96462
96466
96481
96511
96519
96529
96560
96612
96618
96623
96630
96637
96647
96653
96679
96688
96698
96719
96721
96737
96739
96808
96826
96875
96882
96884
96902
96935
96937
96940
96955
97025
97029
97068
97095
97110
97129
97133
97136
97139
97145
97161
97164
97198
97217
97218
97231
97271
97309
97328
97332
97332
97349
97381
97390
97395
97404
97450
97453
97456
97499
97537
97548
97563
97567
97586
97600
97601
97630
97631
97658
97661
97698
97700
97717
97718
97733
97759
97781
97824
97840
97841
97847
97856
97872
97883
97883
97887
97899
97912
97930
97934
97941
97949
97985
97989
97992
97993
98013
98032
98086
98087
98089
98112
98113
98117
98195
98264
98298
98305
98309
98353
98359
98412
98421
98423
98428
98446
98452
98466
98476
98483
98507
98526
98542
98556
98595
98596
98635
98685
98693
98703
98723
98724
98736
98782
98804
98822
98836
98845
98849
98850
98861
98889
98903
98921
98928
98947
98964
99017
99024
99035
99050
99052
99057
99103
99121
99124
99137
99153
99159
99163
99165
99168
99176
99202
99256
99284
99286
99289
99290
99293
99304
99321
99332
99346
99353
99395
99396
99397
99408
99432
99462
99463
99486
99502
99515
99515
99533
99546
99553
99581
99587
99608
99629
99635
99667
99671
99674
99694
99710
99716
99754
99755
99764
99776
99777
99805
99828
99835
99849
99870
99871
99898
99907
99949
99951
99983
