70
276
362
737
751
815
816
891
1043
1105
1136
1353
1403
1405
1529
1542
1630
1640
1660
1687
1710
1740
1819
1862
1872
2033
2348
2365
2658
2675
2729
2741
2909
2917
2932
2983
3049
3131
3185
3210
3228
3290
3336
3366
3408
3506
3542
3610
3670
3727
3753
3866
3907
3907
3934
4027
4041
4113
4124
4138
4197
4321
4519
4523
4552
4758
4761
4797
4826
5034
5339
5370
5415
5574
5652
5728
5760
5809
5871
5887
5888
5974
6014
6064
6091
6120
6121
6136
6144
6258
6370
6389
6451
6526
6544
6571
6616
6635
6667
6703
6718
6812
6864
7016
7100
7179
7250
7339
7381
7494
7511
7561
7562
7629
7769
7801
8013
8058
8094
8527
8555
8717
8850
8896
8907
8989
9066
9234
9333
9345
9514
9526
9541
9634
9644
9686
9755
9782
9931
10010
10155
10272
10347
10507
10522
10607
10676
10749
10786
10897
11071
11208
11371
11409
11432
11537
11562
11912
12036
12063
12109
12225
12304
12747
12837
12865
12876
12883
12946
12990
13026
13053
13241
13422
13442
13506
13552
13571
13618
13619
13706
13723
13800
13986
14010
14127
14161
14162
14265
14294
14367
14386
14557
14563
14584
14747
14761
14835
14908
14928
15085
15131
15239
15293
15306
15374
15425
15457
15468
15481
15513
15546
15864
16040
16067
16228
16349
16349
16390
16506
16710
16733
16735
16813
16918
16990
17028
17141
17147
17202
17205
17223
17391
17612
17628
17705
17807
17816
17932
17977
18017
18075
18347
18368
18394
18785
18913
19001
19063
19136
19192
19316
19366
19514
19557
19642
19823
19862
19863
19894
19898
20064
20222
20319
20349
20442
20454
20822
20835
20971
21174
21199
21240
21340
21496
21560
21774
22055
22399
22443
22802
22909
22932
23074
23166
23185
23298
23405
23490
23595
23647
23668
23677
23710
23909
24056
24057
24162
24266
24312
24386
24422
24425
24434
24455
24764
24809
25095
25187
25238
25355
25370
25445
25535
25685
25714
25966
26102
26112
26122
26172
26193
26301
26463
26511
26525
26750
26751
26756
27253
27415
27454
27531
27557
27618
27650
27785
27997
28021
28107
28119
28287
28297
28364
28388
28399
29080
29210
29449
29471
29479
29545
29705
29737
29762
29776
30065
30120
30194
30264
30267
30305
30455
30520
30772
30831
30916
30927
30995
31150
31187
31235
31431
31561
31598
31690
31866
31901
32006
32045
32124
32179
32322
32453
32467
32514
32527
32571
32611
32847
33180
33186
33310
33361
33368
33380
33447
33560
33582
33802
33834
33857
34014
34029
34047
34130
34159
34260
34266
34278
34303
34311
34341
34351
34526
34564
34591
34847
34899
35015
35082
35095
35280
35384
35429
35802
35906
35927
36045
36051
36094
36153
36199
36560
36610
36739
36748
36763
36776
36790
36911
36961
36977
37019
37053
37059
37080
37138
37193
37238
37261
37413
37439
37470
37472
37477
37675
37713
37799
37934
37945
37967
37977
38002
38020
38037
38063
38085
38119
38479
38494
38519
38593
38600
38623
38728
38773
38844
38890
38934
39028
39189
39195
39307
39349
39410
39497
39527
39612
39620
39678
39755
39783
40165
40170
40201
40356
40442
40593
40640
40664
40686
40706
40726
40800
40890
41006
41052
41116
41155
41179
41203
41293
41295
41317
41368
41468
41662
41683
41830
41905
41917
42018
42173
42306
42326
42478
42559
42680
42736
42838
42886
42908
42911
43014
43050
43294
43339
43457
43540
43639
43690
43860
43923
44116
44121
44145
44180
44185
44205
44217
44244
44400
44430
44535
44679
44764
44775
44885
44903
44935
45004
45014
45027
45032
45414
45557
45630
45888
45992
46113
46145
46284
46353
46376
46378
46398
46500
46515
46545
46912
46933
47020
47092
47165
47376
47389
47410
47430
47430
47538
47590
47619
47657
47724
47778
47789
47801
48029
48051
48082
48085
48344
48359
48361
48844
48882
49069
49345
49377
49389
49457
49508
49558
49678
49686
49705
49802
49827
49839
49873
49892
49930
49938
50035
50048
50108
50185
50374
50434
50487
50569
50601
50609
50663
51089
51119
51515
51577
51611
51679
51688
51753
51958
52038
52200
52247
52679
52686
52731
52795
52886
52935
52947
52985
53015
53060
53173
53260
53263
53283
53373
53611
53726
53747
53759
53992
54017
54244
54333
54430
54529
54548
54591
54671
54741
54989
54994
55041
55277
55453
55634
55685
55759
55764
55788
55809
55945
56007
56038
56182
56201
56214
56480
56699
56733
56862
56885
56913
57082
57089
57220
57281
57324
57365
57514
57591
57676
57687
57706
57726
57817
57850
57867
57876
57936
58039
58053
58151
58349
58611
58878
58900
59002
59057
59168
59202
59237
59256
59327
59591
59610
59628
59731
59823
59839
59862
59896
60021
60077
60184
60273
60326
60366
60403
60412
60453
60571
60844
61002
61156
61170
61242
61328
61383
61582
61671
61691
61735
61769
61971
62094
62118
62400
62558
62602
62664
62671
62706
62727
62784
62894
62972
63002
63055
63095
63111
63170
63299
63834
64005
64009
64073
64092
64179
64190
64231
64289
64493
64525
64764
64797
64861
64942
64953
65007
65103
65117
65129
65293
65325
65357
65406
65525
65779
65894
66059
66090
66375
66495
66503
66526
66538
66596
66640
66742
66853
66878
66911
66938
66975
66995
67057
67119
67159
67257
67287
67341
67349
67352
67458
67498
67520
67691
67764
67768
67982
68260
68307
68334
68411
68434
68459
68579
68626
68674
68699
68763
68911
68986
69013
69075
69126
69157
69230
69240
69373
69386
69418
69475
69485
69617
69658
69663
69687
69740
69809
70071
70102
70128
70294
70394
70616
70696
70901
70972
71182
71216
71217
71219
71292
71572
71639
71643
71793
71892
71931
71997
72006
72199
72274
72305
72475
72565
72625
72724
72794
72847
73154
73430
73456
73551
73578
73616
73751
73796
74045
74064
74191
74285
74315
74345
74547
74605
74639
74650
74786
74835
74835
74969
75166
75256
75264
75449
75454
75496
75651
75682
75778
75985
76044
76127
76217
76260
76299
76305
76372
76428
76500
76664
76681
76683
76822
76846
76846
77034
77081
77084
77119
77127
77176
77339
77351
77456
77556
77564
77656
77788
77857
77879
77882
78196
78262
78298
78488
78577
78717
78856
78972
79011
79071
79186
79284
79318
79320
79450
79504
79614
79645
79668
79757
79869
79921
79972
80007
80099
80109
80124
80351
80375
80427
80500
80557
80665
80678
80732
80779
80897
80994
81111
81213
81226
81252
81294
81305
81358
81472
81501
81506
81550
81561
81572
81648
81865
82146
82182
82216
82261
82392
82433
82449
82451
82485
82498
82521
82647
82730
82781
82803
82995
83069
83075
83116
83142
83274
83290
83330
83338
83344
83354
83374
83669
83722
83756
83777
84006
84170
84338
84402
84456
84525
84570
84604
84710
84814
84844
84997
85079
85098
85103
85172
85232
85590
85597
85696
85706
85719
85720
85820
85878
86036
86047
86103
86105
86117
86121
86212
86396
86550
86560
86645
86778
86827
87013
87027
87043
87099
87141
87172
87184
87383
87426
87466
87483
87584
87660
87759
87769
87821
87881
87950
88136
88168
88298
88309
88331
88333
88355
88371
88379
88434
88799
88836
88847
88847
88980
89041
89110
89194
89210
89313
89357
89459
89476
89539
89714
89731
89874
89954
90121
90247
90313
90364
90385
90551
90553
90565
90642
90708
90728
90893
90930
90947
91101
91351
91518
91527
91602
91608
91751
91828
91856
92263
92327
92558
92572
92770
92799
92830
92953
93103
93163
93194
93238
93249
93276
93323
93419
93529
93547
93586
93600
93614
93628
93818
93902
93944
93955
93984
94029
94037
94066
94178
94311
94329
94428
94583
94615
94780
94880
95001
95060
95070
95380
95542
95584
95603
95631
95714
95759
95831
95992
96018
96028
96105
96197
96374
96439
96479
96560
96620
96625
96994
97137
97228
97315
97405
97419
97509
97543
97568
97583
97604
97638
97642
97794
97860
97870
97900
98404
98565
98602
98611
98687
98919
99049
99080
99120
99260
99331
99337
99387
99421
99486
99527
99557
99686
99695
99809
99821
