97
173
182
184
189
400
408
440
486
540
554
712
811
1043
1122
1194
1221
1254
1361
1425
1462
1477
1532
1549
1559
1580
1592
1603
1805
1938
1940
2028
2101
2202
2211
2212
2233
2245
2405
2445
2528
2582
2679
2704
2827
2857
2874
2892
2895
2951
2985
3140
3223
3369
3407
3434
3454
3920
4021
4022
4038
4110
4179
4185
4407
4448
4490
4503
4624
4635
4807
5049
5057
5204
5247
5323
5402
5487
5641
5760
5780
5999
6022
6273
6333
6402
6646
6715
6735
6755
6767
6852
6916
6953
7081
7121
7203
7211
7442
7476
7481
7542
7724
7752
7787
7801
7804
7852
7985
8108
8149
8480
8481
8542
8659
8725
8833
8835
8865
8901
9102
9202
9434
9435
9483
9648
9735
9749
9979
10045
10123
10245
10255
10309
10324
10377
10487
10507
10599
10700
10758
10794
10854
10885
10922
10956
10999
11094
11203
11211
11297
11558
11650
11690
11701
11730
11739
12047
12212
12250
12315
12407
12513
12576
12712
12838
12853
12885
13097
13156
13179
13382
13461
13536
13631
13655
13683
13883
13920
13939
14066
14150
14400
14538
14544
14621
14674
14781
15015
15145
15195
15228
15312
15315
15368
15512
15532
15549
15598
15639
15733
15755
15940
16016
16274
16288
16376
16432
16496
16509
16652
16691
16737
16765
16769
16834
16913
16994
17064
17276
17326
17513
17637
17723
17767
17885
17922
17963
18088
18113
18142
18200
18205
18397
18459
18771
18967
19024
19261
19316
19393
19492
19709
19753
19817
19866
19987
20103
20185
20316
20329
20347
20390
20514
20713
20926
21129
21140
21465
21629
21646
21881
21888
21953
22037
22108
22127
22183
22301
22346
22361
22426
22440
22447
22505
22544
22576
22654
22708
22793
22853
22890
22894
22951
23047
23070
23358
23442
23494
23720
23733
23880
23893
23904
23956
24214
24229
24306
24392
24430
24439
24452
24564
24566
24614
24663
24778
24844
24879
24941
24947
24958
25145
25173
25227
25262
25281
25281
25306
25448
25611
25732
25758
26167
26187
26346
26352
26376
26396
26454
26461
26481
26580
26762
26836
26844
26917
27268
27437
27437
27474
27639
27640
27782
27874
27882
27963
28006
28021
28249
28249
28414
28465
28523
28669
28757
28829
28830
28908
28973
29040
29075
29151
29166
29236
29348
29372
29729
29771
29822
29916
29944
30030
30054
30304
30326
30336
30352
30411
30824
30887
30940
30966
31031
31060
31115
31131
31149
31150
31150
31187
31213
31226
31250
31259
31337
31355
31363
31378
31462
31466
31498
31526
31543
31634
31663
31800
31815
32005
32068
32106
32179
32192
32224
32284
32393
32443
32544
32623
32657
32676
32709
32807
32841
32870
32908
33120
33321
33356
33520
33557
33574
33604
34010
34058
34141
34149
34239
34240
34436
34490
34524
34614
34618
34674
34973
35002
35034
35069
35186
35566
35757
35856
35858
36064
36111
36366
36519
36613
36651
36781
36817
36926
36981
37030
37332
37382
37383
37593
37607
37711
37784
37843
37888
38081
38137
38149
38173
38222
38236
38288
38307
38336
38362
38373
38441
38488
38488
38543
38595
38619
38678
38871
38892
38988
38988
39154
39193
39227
39343
39395
39404
39439
39528
39601
39640
39655
39678
39731
39825
40000
40057
40173
40208
40259
40263
40293
40341
40344
40371
40406
40408
40465
40475
40538
40811
40826
40879
40920
41018
41152
41161
41235
41322
41391
41475
41622
41654
41938
42020
42027
42036
42051
42059
42111
42122
42168
42195
42315
42331
42386
42467
42853
42907
43127
43133
43161
43164
43182
43330
43477
43504
43537
43639
43673
43697
43744
43769
43863
43868
43893
44181
44420
44552
44557
44713
44724
44862
45041
45127
45254
45321
45492
45559
45561
45652
45778
45880
45913
45969
46012
46036
46045
46051
46127
46223
46373
46405
46456
46485
46566
46648
46824
46877
46890
47017
47083
47083
47267
47503
47560
47625
47649
47690
47713
47786
47799
47861
47877
47983
48030
48058
48104
48287
48296
48362
48645
49048
49238
49253
49323
49346
49398
49406
49516
49535
49599
49632
49670
49719
49733
49758
49766
49775
49887
49964
49977
49981
50184
50200
50265
50271
50386
50394
50707
50834
50846
50868
50880
50995
51022
51055
51232
51356
51598
51665
51703
51758
51804
51838
51839
51871
51985
52228
52264
52530
52570
52649
52671
52715
52788
52821
52865
52979
53091
53157
53173
53256
53396
53529
53529
53596
53671
53731
53795
53860
53895
53911
54047
54117
54162
54327
54333
54376
54392
54452
54557
54634
54650
54853
55085
55096
55101
55103
55180
55353
55365
55676
55811
56007
56037
56085
56098
56352
56380
56515
56531
56806
56888
56922
57108
57290
57325
57504
57513
57610
57660
57683
57708
57845
57946
58035
58045
58159
58305
58594
58623
58724
58828
58909
58961
58988
59277
59401
59478
59529
59647
59741
59894
59983
60041
60074
60130
60200
60393
60444
60613
60740
60797
60883
60919
60933
60933
60990
61187
61304
61348
61740
61976
62030
62073
62107
62116
62119
62160
62195
62214
62218
62319
62335
62497
62551
62867
63000
63027
63125
63213
63252
63254
63337
63349
63561
63602
63755
63819
63992
64023
64130
64145
64150
64227
64268
64333
64376
64557
64701
64877
64899
64900
65079
65178
65179
65466
65523
65539
65572
65698
65729
65729
65776
65830
66001
66016
66021
66023
66048
66115
66218
66236
66516
66533
66565
66668
66734
66775
66867
66869
66904
66991
67073
67234
67363
67389
67453
67475
67596
67622
67677
67812
67861
67923
67994
68063
68109
68185
68242
68329
68336
68541
68667
68743
68842
69198
69231
69254
69406
69436
69456
69670
69811
69852
69873
69920
69964
70050
70075
70127
70270
70291
70305
70434
70451
70469
70546
70630
70657
70681
70718
70754
71086
71224
71250
71257
71300
71312
71638
71653
71707
71758
71995
72111
72302
72322
72391
72436
72497
72571
72610
72614
72668
72688
72715
72830
72879
72999
73027
73093
73100
73110
73156
73206
73256
73545
73585
73879
73985
74032
74071
74077
74088
74211
74228
74307
74405
74466
74891
74925
74959
74984
75011
75057
75135
75185
75291
75547
75685
75688
75746
75902
75944
75951
75967
76055
76108
76152
76227
76286
76447
76558
76585
76710
76814
76841
76983
77045
77107
77171
77541
77642
77730
77733
77808
77850
77889
77951
77988
78307
78334
78548
78568
78576
78600
78679
78775
78909
78951
78952
78984
79029
79404
79617
79661
79818
79984
80308
80340
80376
80378
80435
80697
80704
80769
81076
81252
81337
81348
81437
81457
81462
81640
81714
81728
81748
81872
81905
81961
82105
82356
82411
82681
82705
82775
82886
83002
83071
83269
83283
83391
83429
83455
83483
83566
83763
83843
84049
84098
84268
84334
84722
84883
84924
85009
85027
85244
85320
85416
85553
85684
85688
85744
85786
85898
85925
86056
86109
86120
86184
86202
86219
86274
86478
86479
86561
86592
86651
86861
87098
87205
87293
87463
87499
87536
87613
87632
87839
87892
87985
88022
88296
88409
88709
88832
88860
88882
88894
88945
88970
88993
89131
89256
89273
89295
89301
89360
89400
89541
89543
90007
90142
90147
90164
90167
90181
90223
90291
90408
90473
90491
90512
90527
90654
90672
90728
90734
90734
90752
91053
91069
91113
91199
91417
91543
91566
91745
91751
91773
91875
91965
91982
91988
92081
92177
92236
92289
92377
92419
92474
92486
92500
92676
92698
92747
92989
93090
93146
93178
93179
93330
93365
93388
93506
93528
93585
93760
93815
93817
93829
93867
94087
94109
94120
94272
94481
94483
94608
94645
94768
94794
94810
94880
94934
94938
95095
95149
95193
95477
95546
95587
95739
95784
95806
95825
95826
95832
95870
96002
96003
96117
96145
96370
96416
96588
96674
96768
96783
96858
96900
96931
96941
97093
97230
97282
97314
97388
97598
97632
97725
97820
97975
98051
98097
98134
98145
98234
98280
98349
98378
98448
98451
98486
98497
98514
98572
98667
98683
98898
99073
99114
99118
99184
99207
99229
99342
99391
99433
99469
99470
99539
99739
99831
