185
457
464
488
521
612
858
933
987
1068
1137
1246
1254
1264
1316
1363
1370
1473
1552
1705
1785
1847
1865
1878
1879
1900
1990
2000
2021
2241
2254
2377
2452
2453
2618
2619
2670
2698
2708
2743
2909
2912
3010
3094
3146
3207
3254
3369
3526
3563
3646
3718
3821
3850
3961
4026
4098
4470
4491
4563
4663
4691
4711
4720
4797
4850
4861
4953
5020
5104
5108
5140
5142
5203
5351
5548
5554
5584
5620
5809
5838
5887
5990
6199
6420
6440
6546
6580
6669
6866
6925
7004
7092
7204
7308
7376
7419
7531
7789
8005
8066
8110
8150
8182
8223
8386
8407
8414
8442
8470
8497
8498
8521
8554
8593
8703
8708
8716
8761
8775
8792
8864
8871
8899
8928
8974
9153
9198
9274
9288
9422
9491
9530
9631
9666
9895
9934
10058
10061
10178
10279
10294
10389
10391
10393
10496
10558
10671
10680
10697
10776
11084
11114
11258
11558
11622
11731
11733
11744
11747
11783
11800
11863
11920
11993
12023
12057
12203
12255
12275
12439
12550
12758
12773
13045
13049
13085
13185
13224
13307
13375
13608
13684
13791
13854
13884
13906
14056
14162
14178
14318
14400
14524
14572
14728
14786
14818
14982
15035
15095
15105
15132
15172
15181
15184
15260
15353
15354
15615
15719
15860
15992
16015
16018
16101
16109
16337
16405
16411
16446
16562
16674
16687
16688
16724
16761
16777
16792
16793
16817
16825
16865
16912
16938
16945
16983
17010
17279
17590
17622
17632
17832
17912
17932
17935
18017
18032
18044
18075
18109
18199
18259
18380
18397
18519
18613
18648
18751
18764
18795
18806
18880
18935
18961
18977
19076
19342
19398
19493
19640
19650
19773
19823
19827
19837
19897
19927
20100
20145
20170
20326
20358
20423
20481
20591
20602
20612
20620
20624
20629
20748
20833
20848
20872
20976
21103
21153
21208
21309
21374
21545
21738
21829
21861
22002
22110
22158
22160
22191
22248
22569
22717
22791
23061
23109
23152
23179
23224
23248
23297
23304
23379
23393
23426
23459
23519
23568
23569
23576
23583
23650
23661
23681
23712
23816
24044
24086
24199
24255
24464
24620
24717
24777
24916
24937
24942
24994
25125
25245
25283
25346
25448
25484
25668
25691
25932
26063
26148
26248
26545
26563
26628
26648
26657
26931
27012
27022
27098
27428
27435
27612
27618
27660
27826
28148
28226
28269
28387
28423
28478
28504
28632
28720
28843
28852
28858
28966
29010
29012
29494
29499
29584
29630
29691
29726
29731
29759
29769
29852
29873
29876
29898
29922
30038
30119
30196
30252
30427
30438
30484
30608
30703
30994
31053
31065
31138
31290
31449
31510
31531
31663
31773
31877
31960
31993
32019
32111
32150
32162
32185
32211
32242
32303
32331
32360
32511
32637
32704
32824
32845
33136
33156
33316
33366
33376
33417
33471
33607
33614
33782
33820
33841
33866
33939
33985
34143
34176
34227
34374
34580
34666
34796
34798
34952
35222
35243
35262
35473
35675
35890
35907
35999
36004
36192
36291
36367
36377
36421
36471
36584
36672
36730
36731
36760
36766
36829
37086
37088
37116
37129
37458
37590
37741
37780
37848
38002
38053
38236
38368
38378
38398
38448
38455
38571
38641
38646
38741
38792
38903
38959
39012
39019
39200
39230
39531
39645
39719
40009
40030
40088
40217
40316
40344
40382
40873
40881
40921
41044
41167
41183
41212
41310
41313
41357
41433
41540
41540
41545
41644
41780
41866
41954
42053
42294
42438
42516
42571
42638
42704
42800
42898
43114
43260
43351
43370
43523
43668
43926
44101
44244
44273
44393
44436
44440
44542
44568
44661
44724
44804
44833
44868
44904
44987
45094
45154
45214
45236
45305
45445
45457
45590
45595
45603
45629
45675
45871
45934
46064
46229
46232
46397
46481
46549
46560
46646
46701
46730
46811
46883
46972
46990
47000
47003
47113
47123
47138
47171
47199
47231
47237
47286
47295
47296
47322
47359
47480
47720
47793
48054
48149
48204
48402
48624
48690
48818
48821
48872
48900
48903
49022
49049
49091
49141
49184
49439
49488
49496
49526
49571
49635
49743
49762
49786
50010
50137
50165
50213
50262
50265
50420
50466
50481
50485
50637
50783
50901
51068
51166
51206
51254
51414
51959
51972
52075
52132
52195
52283
52327
52389
52445
52513
52534
52809
52919
52936
53174
53189
53210
53222
53259
53266
53392
53471
53513
53593
53682
53693
53723
53777
53807
53903
54031
54050
54305
54483
54568
54655
54691
54717
54754
54806
54879
54973
55090
55171
55290
55584
55603
55700
55870
55988
56118
56134
56184
56202
56261
56508
56530
56588
56613
56670
56672
56695
56782
56840
56866
57018
57130
57224
57284
57363
57386
57425
57429
57508
57542
57625
57730
57763
57858
58012
58016
58076
58093
58314
58344
58410
58633
58635
58903
59007
59201
59249
59352
59404
59441
59466
59499
59516
59646
59688
59715
59763
59878
60013
60075
60081
60095
60114
60223
60259
60276
60277
60297
60301
60311
60339
60340
60373
60444
60530
60543
60646
60944
61002
61212
61366
61380
61417
61550
61599
61607
61657
61662
61708
61773
61809
61981
62039
62183
62280
62284
62363
62381
62415
62491
62545
62696
62950
62986
63010
63040
63109
63189
63337
63398
63443
63640
63652
63756
63792
63830
63869
63879
63941
64041
64068
64076
64090
64363
64419
64487
64517
64643
64856
65017
65027
65051
65080
65147
65157
65205
65209
65256
65409
65693
65789
65863
65879
65982
66021
66377
66435
66484
66501
66548
66607
66650
66839
67200
67248
67398
67603
67646
67659
67737
67976
67988
68233
68367
68541
68655
68717
68983
68989
69216
69441
69444
69589
69700
69714
69721
69873
69991
70018
70380
70501
70672
70725
70802
70847
70934
71013
71058
71087
71097
71336
71373
71381
71398
71438
71726
71869
71893
71917
71921
71937
71966
72036
72115
72235
72298
72363
72383
72461
72508
72519
72649
72734
72840
72914
73148
73194
73209
73405
73568
73828
74070
74072
74223
74242
74255
74267
74306
74319
74413
74459
74513
74551
74749
74749
74820
74846
74861
75007
75139
75232
75357
75362
75432
75632
75791
75936
76012
76502
76515
76550
76667
76723
76791
76814
76815
76824
76824
76829
76917
76968
76993
77116
77139
77172
77217
77253
77372
77482
77483
77839
77933
77967
77988
78205
78314
78326
78374
78767
78920
78973
79288
79414
79524
79643
79704
79765
79778
79832
79923
79949
79954
80003
80213
80238
80279
80455
80503
80531
80700
80839
80880
80973
80993
81000
81047
81360
81512
81551
81554
81570
81622
81643
81687
82053
82150
82201
82233
82382
82526
82663
82684
82946
83005
83018
83050
83233
83296
83299
83933
83955
84099
84427
84487
84496
84576
84620
84631
84643
84665
84790
84801
84837
84908
84915
84955
84978
85049
85271
85333
85336
85414
85462
85628
85731
86155
86311
86340
86509
86553
86734
86770
86809
86855
87139
87166
87352
87369
87440
87464
87475
87515
87591
87602
87679
87788
87818
87882
87893
87982
87998
88065
88068
88072
88177
88226
88247
88286
88422
88425
88499
88501
88593
88654
88703
88715
88741
88793
88897
88975
89041
89105
89136
89246
89286
89372
89375
89381
89480
89725
89793
89808
89873
90021
90043
90046
90155
90226
90240
90252
90259
90283
90383
90507
90747
90754
90808
90982
91098
91215
91293
91410
91428
91492
91533
91638
91689
91701
91800
91807
91855
91874
91929
91954
92010
92040
92111
92296
92299
92311
92695
92778
92804
92929
92933
93211
93231
93258
93385
93416
93471
93527
93546
93581
93613
93657
93661
93777
93791
93806
93824
93905
93987
93993
94072
94145
94188
94215
94445
94512
94528
94671
94678
94683
94775
94860
94917
94929
94949
95278
95615
95735
95949
95985
96005
96046
96077
96252
96279
96380
96412
96437
96698
96791
96855
96914
96934
96977
97146
97154
97230
97435
97516
97587
97602
97638
97733
97794
97895
98114
98122
98221
98280
98334
98338
98648
98711
98859
98989
99127
99196
99206
99278
99279
99402
99454
99507
99531
99711
99746
99786
99858
99946
99954
