5
26
115
158
352
562
619
637
644
647
887
1040
1100
1296
1527
1584
1827
2086
2113
2123
2141
2222
2266
2571
2623
2680
2706
2837
2944
2971
2989
3016
3364
3366
3496
3544
3625
3737
3745
3766
3822
3852
3950
3953
4053
4117
4186
4304
4353
4738
4779
4837
5059
5192
5204
5285
5300
5409
5462
5593
5706
5906
5976
6072
6096
6114
6195
6203
6245
6333
6532
6532
6535
6638
6736
6745
6832
6836
6848
6927
6939
6950
6993
7057
7091
7203
7329
7411
7496
7557
7597
7627
7723
7754
7817
8079
8111
8352
8356
8390
8546
8554
8574
8584
8893
9015
9031
9234
9397
9520
9558
9641
9661
9680
9712
9725
9753
9786
9794
9976
10094
10103
10156
10185
10253
10288
10323
10370
10414
10448
10478
10514
10717
10860
10869
10892
10933
10980
11022
11083
11172
11246
11320
11327
11421
11464
11617
11696
11861
11878
11881
11892
11932
11937
12630
12660
12771
12925
13039
13129
13217
13266
13383
13633
13792
13929
14010
14235
14314
14325
14332
14342
14379
14394
14506
14555
14641
14691
14861
15067
15198
15230
15241
15250
15278
15380
15485
15507
15529
15548
15562
15616
15655
15715
15856
15940
16215
16247
16252
16496
16639
16661
16704
16718
16945
16946
16958
17055
17074
17358
17530
17551
17756
17809
17867
17869
18050
18056
18228
18294
18328
18415
18525
18573
18680
18778
18819
19188
19213
19407
19439
19484
19488
19505
19606
19759
20056
20119
20177
20375
20379
20491
20528
20829
20863
21122
21276
21280
21326
21359
21655
21839
21841
21927
22034
22080
22112
22197
22284
22385
22393
22572
22610
22678
22702
22729
22817
22898
23038
23054
23232
23253
23278
23463
23513
23539
23694
23720
23796
23821
23886
23969
23987
23987
24053
24200
24524
24683
24728
24733
24808
24856
24888
25007
25169
25225
25252
25287
25441
25669
25744
25744
25750
26073
26125
26162
26207
26288
26296
26365
26416
26465
26471
26599
26757
26835
26866
26893
26944
26996
27140
27236
27241
27288
27303
27345
27347
27349
27376
27456
27693
27724
27843
27867
27970
27985
28219
28379
28394
28620
28624
28656
28661
28726
28743
28757
28789
28835
28845
28903
28919
29102
29121
29133
29162
29239
29257
29308
29309
29338
29346
29489
29647
29662
29680
29752
29783
29834
29908
30046
30056
30111
30164
30221
30223
30327
30645
30668
30704
30743
30771
30841
30868
30932
31082
31096
31133
31307
31379
31399
31413
31499
31572
31854
31905
31950
32059
32072
32159
32219
32232
32377
32420
32480
32810
32852
32869
33040
33146
33201
33231
33300
33322
33661
33956
33982
34092
34161
34201
34434
34467
34506
34517
34582
34668
34688
34799
34865
34901
34975
34979
35157
35159
35202
35334
35462
35617
35751
35901
35932
35962
36089
36107
36111
36117
36128
36131
36134
36165
36187
36244
36256
36275
36286
36363
36825
36839
37085
37093
37196
37203
37295
37424
37593
37604
37610
37650
37722
37891
37923
37924
37952
37974
37976
38033
38240
38243
38281
38310
38334
38334
38396
38443
38468
38697
38934
38969
38990
39037
39047
39048
39076
39110
39153
39171
39211
39287
39387
39452
39521
39528
39585
39619
39736
39759
39763
39770
39901
39950
40126
40346
40364
40519
40605
40707
40797
40869
40974
40981
41046
41057
41181
41336
41553
41732
41784
41825
41902
41920
41947
41952
41984
42006
42008
42019
42087
42116
42185
42314
42367
42369
42443
42489
42621
42804
42919
43059
43127
43193
43258
43551
43627
43641
43660
43736
43921
43974
44100
44247
44345
44425
44591
44744
45030
45117
45152
45209
45328
45331
45434
45477
45516
45580
45650
45686
45828
46097
46101
46147
46223
46227
46374
46446
46573
46592
46661
46663
46744
46787
46807
47001
47194
47195
47243
47380
47427
47716
47718
47852
47887
48114
48168
48214
48552
48634
48697
48718
48790
48811
48814
48851
49056
49088
49124
49247
49319
49326
49524
49533
49595
49699
49702
49747
49758
49896
50225
50315
50378
50395
50424
50531
50585
50621
50718
50741
50868
50883
50897
50966
51122
51182
51208
51219
51270
51273
51338
51357
51388
51408
51430
51463
51591
51771
51805
51927
52087
52125
52128
52180
52234
52247
52366
52452
52547
52599
52754
52775
52792
52988
53011
53019
53104
53122
53175
53335
53362
53374
53379
53593
53673
53677
53856
53865
53948
53976
54078
54100
54115
54223
54262
54330
54343
54408
54451
54529
54639
54795
54807
54838
55021
55172
55187
55302
55312
55396
55505
55560
55584
55631
55828
56011
56145
56199
56224
56362
56383
56434
56567
56681
56823
56846
57004
57016
57051
57113
57180
57206
57283
57349
57478
57543
57556
57653
57725
57730
57761
57785
57895
58003
58011
58015
58052
58064
58198
58270
58304
58306
58314
58403
58471
58529
58707
58750
58770
58829
58951
59114
59214
59250
59324
59402
59536
59591
59614
59620
59733
59788
59945
59956
60058
60269
60338
60348
60457
60752
60842
60880
60881
60896
60941
61005
61046
61090
61143
61334
61335
61433
61613
61701
61740
61767
61881
61947
61948
61961
62098
62139
62283
62306
62360
62421
62442
62452
62787
63102
63112
63141
63174
63240
63295
63413
63489
63649
63718
63900
63939
63941
64037
64059
64069
64316
64367
64531
64578
64596
64628
64746
64893
65227
65238
65474
65539
65820
65868
65941
65956
65961
66021
66073
66094
66151
66210
66354
66442
66679
66715
66761
67197
67211
67334
67447
67452
67714
67781
67833
67889
67963
68020
68026
68267
68405
68463
68511
68636
68685
68726
68826
68830
68892
68912
68961
69159
69221
69340
69359
69418
69535
69709
69769
69770
69957
69961
69977
69987
70104
70105
70345
70421
70422
70437
70506
70603
70653
70663
70728
71061
71068
71133
71234
71252
71428
71587
71600
71656
71683
71767
71880
71965
71975
71978
72015
72180
72215
72302
72333
72500
72528
72586
72616
72666
72690
72707
72781
72846
72908
72998
73021
73048
73052
73132
73186
73232
73380
73452
73556
73580
73657
74311
74322
74372
74519
74663
74671
74775
75021
75099
75224
75283
75309
75443
75571
75602
75782
75786
75802
75844
76019
76050
76058
76480
76501
76536
76558
76690
76785
76803
76926
77092
77349
77386
77411
77568
77622
77829
77902
78129
78246
78399
78400
78478
78552
78584
78972
79031
79078
79195
79219
79227
79422
79528
79551
79611
79661
79784
79899
80063
80073
80099
80136
80148
80205
80311
80359
80363
80382
80395
80564
80571
80648
80812
80812
81030
81042
81288
81384
81391
81653
81879
81888
82089
82207
82237
82370
82382
82418
82489
82578
82698
82771
82803
82851
82929
82988
83084
83106
83386
83389
83418
83503
83592
83616
83716
83729
84244
84286
84296
84345
84465
84470
84623
84623
84642
84741
84751
84970
85195
85252
85260
85261
85531
85627
85786
85821
85912
85936
86055
86105
86136
86228
86444
86445
86542
86547
86608
86652
86717
86747
86818
86838
86915
86980
86982
87069
87069
87153
87371
87402
87406
87423
87557
87588
87612
87676
87679
87872
87908
88000
88051
88058
88081
88119
88138
88207
88671
88701
88765
88878
88902
88991
89058
89111
89120
89142
89167
89318
89368
89624
89627
89671
89701
89758
89792
89840
89857
89900
89963
90206
90260
90270
90273
90403
90455
90472
90533
90538
90810
90919
91123
91181
91246
91366
91469
91476
91495
91666
91701
91705
91914
92047
92048
92062
92134
92136
92369
92562
92583
92848
92859
92882
92932
93000
93039
93120
93145
93328
93362
93465
93514
93585
93647
93647
93800
93806
93813
93885
93887
94193
94281
94284
94326
94461
94495
94512
94530
94538
94587
94624
94647
94677
94709
95074
95098
95120
95235
95260
95290
95318
95352
95617
95782
95803
95951
96049
96070
96148
96261
96274
96316
96336
96441
96655
96697
96714
96981
97057
97066
97234
97359
97510
97519
97663
97672
97787
97807
97906
98022
98029
98247
98370
98410
98425
98612
98650
98746
98767
98959
98970
99025
99151
99320
99320
99327
99328
99456
99579
99716
99749
99752
99871
99877
