120
201
308
465
651
721
802
1034
1062
1133
1149
1158
1391
1412
1462
1519
1702
1999
2038
2131
2149
2180
2194
2250
2322
2322
2330
2476
2515
2517
2518
2768
2790
2815
2851
3093
3139
3284
3462
3613
3618
3623
3725
3864
3930
4043
4072
4099
4153
4154
4340
4343
4390
4404
4520
4546
4574
4661
4760
4828
4895
4929
4998
5093
5482
5482
5595
5735
5853
5878
5918
5980
6015
6023
6081
6156
6225
6272
6356
6358
6614
6643
6663
6847
6863
6915
7001
7039
7156
7219
7261
7509
7526
7610
7689
7819
7876
7889
7950
7956
7991
8138
8542
8680
8747
8756
8834
8837
9105
9254
9326
9333
9350
9576
9703
9729
9856
9903
9931
9956
10082
10119
10314
10373
10469
10499
10608
10749
10753
10853
11064
11073
11188
11240
11338
11341
11375
11384
11438
11454
11570
11577
11676
11705
11729
11761
11824
11891
11998
12031
12094
12168
12216
12426
12478
12804
13059
13378
13419
13668
13690
13701
13712
13869
13938
14080
14201
14485
14650
14664
14873
14924
14989
15039
15040
15084
15143
15181
15205
15337
15541
15620
15897
16007
16046
16079
16198
16331
16342
16354
16375
16397
16438
16522
16536
16544
16566
16584
16634
16640
16823
16994
17192
17374
17602
17672
17835
17856
18108
18138
18139
18167
18319
18376
18415
18421
18479
18480
18504
18601
18696
18766
18817
18861
18886
19000
19068
19164
19248
19351
19364
19688
19770
19775
19860
19871
20140
20183
20276
20280
20413
20574
20864
20908
20979
21005
21079
21141
21145
21185
21227
21227
21421
21515
21542
21572
21751
21882
22113
22373
22400
22448
22469
22486
22677
22719
22841
22858
22908
22914
22924
23088
23172
23217
23225
23288
23560
23621
23809
23809
23876
23909
23953
23999
24056
24064
24149
24158
24271
24493
24558
24591
24629
24658
24867
25002
25077
25156
25360
25381
25823
25896
25980
26509
26528
26571
26586
26615
26630
26826
26855
26902
26922
26929
26938
27004
27064
27285
27380
27421
27428
27634
27705
27715
27781
27857
28018
28070
28100
28123
28138
28217
28257
28297
28410
28489
28509
28518
28605
28640
28704
28717
28753
28787
28896
28918
29036
29174
29254
29289
29439
29447
29566
29664
29670
29717
29719
29790
29821
29981
30008
30089
30117
30134
30223
30270
30328
30366
30430
30574
30619
30633
30670
30715
30794
30813
30900
30918
30928
30929
31011
31015
31328
31329
31458
31503
31705
31729
31742
31812
31949
32080
32261
32294
32321
32390
32467
32538
32580
32734
33021
33079
33145
33154
33181
33312
33324
33390
33478
33485
33639
33718
33977
34182
34221
34269
34284
34285
34477
34737
35089
35104
35326
35509
35517
35532
35572
35593
35707
35910
35998
36222
36267
36343
36376
36398
36418
36521
36767
36779
36783
36834
36846
36861
36892
36901
36981
37092
37117
37342
37349
37569
37633
37690
37744
37852
37878
37997
38006
38059
38326
38364
38400
38420
38451
38476
38541
38674
38699
38787
38817
38986
39031
39085
39109
39208
39208
39374
39417
39620
39628
39708
39841
39842
39927
39970
40136
40271
40298
40343
40374
40407
40578
40709
40741
40802
40813
40961
40976
41307
41332
41339
41425
41491
41504
41507
41537
41609
41960
41965
42062
42108
42196
42583
42737
42929
42997
43031
43291
43385
43481
43588
43632
43635
43705
43717
43759
43840
43863
43967
44032
44216
44607
44817
44825
45046
45052
45122
45212
45272
45393
45425
45508
45522
45563
45590
45676
45822
45889
45905
45917
45967
46150
46179
46317
46555
46619
46766
46787
46805
47101
47129
47141
47214
47244
47371
47471
47555
47688
47910
47953
48050
48058
48065
48082
48140
48216
48225
48290
48331
48405
48488
48556
48606
48620
48736
48775
48786
48803
48857
48874
48934
48939
48988
49006
49130
49138
49219
49292
49354
49466
49481
49599
49601
49780
49782
49804
49875
50026
50130
50291
50406
50412
50433
50574
50602
50717
50728
50757
50799
50811
50919
50929
51031
51107
51128
51164
51212
51300
51318
51325
51333
51378
51465
51578
51696
51709
51748
51868
51886
51886
51919
51972
52084
52238
52268
52421
52451
52547
52674
52808
52840
52900
52903
53120
53257
53331
53398
53419
53580
53796
53813
53831
53933
53982
53983
53986
54022
54090
54213
54246
54263
54358
54407
54578
54616
54678
54741
54812
54859
54936
55117
55169
55207
55224
55228
55336
55366
55435
55544
55594
55920
56010
56052
56107
56158
56356
56433
56471
56619
57037
57071
57142
57404
57472
57485
57559
57620
57632
57779
57824
57832
57869
57882
57965
58004
58130
58186
58237
58540
58569
58640
58663
58943
58956
59038
59152
59217
59434
59583
59604
59711
59864
59886
59924
60135
60549
60780
60805
60906
60960
61024
61110
61419
61488
61518
61573
61616
61813
62101
62242
62313
62343
62466
62468
62534
62537
62770
62919
62979
63003
63039
63089
63101
63203
63332
63352
63481
63498
63635
63660
63754
63935
63940
64000
64037
64039
64158
64368
64518
64639
65091
65109
65155
65274
65334
65345
65349
65354
65456
65494
65504
65577
65647
65773
65825
66143
66454
66633
66646
66760
66805
66836
66850
67115
67186
67378
67450
67471
67485
67485
67486
67664
67665
67702
67824
67852
67906
67956
68147
68212
68413
68439
68483
68557
68597
68706
68763
68766
68902
68964
69098
69101
69242
69539
69631
69695
69786
69788
69902
69922
69924
69937
69995
70116
70193
70198
70268
70412
70420
70447
70449
70496
70587
70622
70683
70714
70768
70774
70923
70972
71039
71088
71407
71488
71644
71644
71729
71746
71751
71970
71993
72024
72113
72146
72196
72317
72403
72507
72596
72621
72638
72941
73095
73254
73324
73338
73354
73383
73389
73392
73577
73609
73720
73722
73727
74013
74037
74098
74141
74153
74159
74166
74195
74227
74233
74263
74293
74298
74337
74441
74599
74792
74795
74822
74947
75256
75333
75475
75529
75562
75639
75764
75790
75791
75802
75820
75892
76081
76126
76338
76504
76529
76529
76641
76684
76896
76932
77092
77110
77183
77213
77379
77412
77447
77501
77503
77555
77583
77604
77749
77860
78018
78032
78066
78374
78377
78385
78464
78541
78569
78583
78608
78644
78689
78720
78770
78792
78906
79083
79102
79105
79120
79131
79154
79214
79265
79271
79362
79571
79657
79930
80065
80187
80291
80315
80322
80460
80499
80624
80659
80813
80897
81145
81165
81266
81271
81453
81462
81570
81570
81624
81688
81688
81793
81810
81951
82092
82149
82556
82563
82597
82665
82740
82760
82805
82834
82894
83075
83142
83194
83308
83378
83382
83610
83636
83687
83705
83740
84015
84036
84093
84101
84136
84171
84462
84484
84487
84578
84600
84630
84774
84812
84974
85005
85061
85309
85317
85400
85429
85559
85567
85569
85728
85730
85762
85859
85966
85987
86061
86584
86762
86816
87010
87079
87088
87153
87286
87305
87393
87506
87612
87810
87871
87879
87899
87926
87941
87963
87984
87995
88006
88238
88278
88380
88429
88478
88487
88602
88611
88614
88725
88927
88964
88985
89002
89105
89145
89359
89404
89519
89615
89805
90002
90013
90050
90068
90134
90187
90497
90545
90570
90601
90623
90717
90832
90880
90892
91051
91226
91274
91279
91282
91411
91450
91518
91548
91586
91594
91682
91700
91762
91777
91815
91866
92029
92259
92273
92358
92431
92586
92604
92676
92682
92701
92876
92906
92959
92987
93029
93064
93140
93158
93226
93247
93389
93451
93468
93509
93568
93648
93755
93774
93810
94067
94247
94257
94267
94331
94364
94381
94452
94609
94665
94740
94791
94823
94836
94983
95036
95081
95109
95117
95186
95476
95486
95509
95639
95658
95678
95700
95836
95853
96026
96108
96118
96246
96317
96339
96363
96470
96521
96568
96643
96712
96716
96769
96777
96814
96904
97017
97058
97082
97257
97284
97359
97425
97503
97520
97530
97536
97587
97851
98049
98097
98326
98686
98919
99042
99099
99274
99342
99349
99352
99497
99498
99534
99548
99590
99636
99647
99677
99729
99744
99767
99814
99870
99948
99969
99970
