35
205
226
472
587
652
695
725
756
789
986
1196
1201
1302
1430
1496
1655
1746
1973
2055
2059
2176
2289
2381
2505
2529
2551
2655
2671
2736
2743
2951
3009
3032
3213
3291
3519
3755
3792
3880
3999
4006
4032
4126
4280
4330
4372
4573
4576
4630
4676
4709
4738
4878
5045
5114
5176
5206
5251
5297
5306
5309
5386
5395
5444
5453
5473
5613
5716
5820
5828
5937
5969
6156
6199
6226
6372
6426
6668
6698
6883
7079
7089
7161
7174
7185
7207
7209
7222
7278
7410
7443
7498
7635
7650
7690
7826
7829
7875
7919
8232
8314
8415
8477
8731
8748
8805
8877
8915
9169
9226
9259
9379
9480
9557
9636
9662
9671
9766
9798
9867
10116
10185
10300
10331
10346
10392
10605
10614
10678
10839
11054
11060
11320
11336
11442
11523
11537
11561
11665
11677
11757
11869
11885
11993
12032
12063
12198
12227
12297
12451
12812
12840
12935
13029
13040
13066
13340
13392
13496
13623
13633
13670
13720
13750
13800
13801
13826
13908
14090
14147
14264
14492
14557
14589
14690
15011
15155
15171
15200
15232
15371
15371
15415
15468
15547
15598
15750
15774
15923
16019
16143
16168
16307
16500
16501
16566
16586
16626
16716
16896
17109
17191
17208
17311
17320
17332
17336
17413
17454
17492
17578
17687
17690
17729
17803
17844
17851
17858
17909
18116
18122
18148
18161
18210
18230
18263
18335
18345
18361
18362
18372
18400
18430
18436
18708
18865
18903
18909
18918
19500
19508
19533
19563
19708
19830
19895
20035
20217
20355
20536
20693
21004
21007
21024
21055
21294
21470
21483
21483
21504
21558
21561
21702
21703
21799
21823
21826
21935
22111
22160
22257
22357
22365
22381
22394
22446
22447
22464
22467
22489
22672
22680
22683
22793
22824
22842
22987
23063
23081
23192
23224
23253
23344
23575
23649
23694
23749
23756
23778
23788
23899
23923
23942
24015
24093
24124
24163
24433
24435
24482
24583
24674
24708
24717
24771
24783
24894
25089
25131
25170
25198
25322
25335
25463
25564
25638
25769
25788
25793
25836
25914
25960
25997
26052
26100
26115
26187
26189
26460
26574
26616
26660
26665
26698
26761
26855
26864
26978
27133
27231
27282
27326
27496
27569
27633
27697
27719
27923
27977
28050
28141
28188
28345
28415
28481
28546
28626
28631
28677
28789
28921
28979
29025
29141
29178
29217
29280
29288
29357
29375
29384
29615
29631
29664
29698
29731
29821
29825
29860
29931
30098
30172
30186
30298
30306
30337
30533
30607
30796
30905
31245
31291
31344
31387
31408
31485
31570
31747
31832
32088
32318
32400
32545
32553
32652
32801
32808
32830
33015
33085
33131
33173
33309
33498
33528
33597
33668
33723
33751
33811
33871
34379
34455
34602
34606
34655
34693
34694
34753
34935
35151
35151
35522
35614
35867
35867
35882
35889
35908
36009
36051
36138
36227
36270
36320
36339
36482
36525
36597
36598
36691
36847
37198
37260
37294
37442
37459
37515
37546
37681
37732
37814
37882
37914
37938
37995
38002
38296
38323
38365
38429
38433
38888
38994
39024
39152
39533
39750
39944
39989
40004
40073
40102
40190
40266
40268
40272
40281
40357
40450
40492
40498
40545
40693
40863
40887
40992
41012
41112
41193
41258
41297
41565
41616
41731
41768
41820
42024
42069
42161
42268
42304
42383
42514
42551
42581
42583
42659
42751
42762
43112
43175
43337
43469
43573
43717
43757
43794
43831
43852
43857
44031
44032
44096
44100
44113
44208
44208
44254
44323
44448
44547
44622
44625
44658
44747
44765
44772
44980
45053
45053
45128
45139
45241
45475
45481
45518
45638
45691
45719
46018
46184
46263
46272
46297
46355
46416
46458
46737
46797
46916
47041
47057
47093
47186
47450
47547
47547
47729
47766
47782
47800
47830
47839
47896
47960
48020
48065
48165
48207
48348
48383
48485
48584
48622
48749
48949
49053
49140
49154
49296
49395
49433
49507
49520
49583
49585
49909
49910
49930
49939
49961
50005
50161
50303
50371
50546
50571
50600
50725
50958
51095
51129
51253
51288
51308
51340
51513
51607
51756
51842
51881
51894
51993
52040
52110
52184
52372
52470
52483
52520
52603
52671
52857
52951
53056
53127
53233
53321
53374
53376
53560
53743
53771
53776
53888
53898
53968
54020
54069
54239
54271
54271
54466
54508
54591
54620
54694
54858
54869
54931
54953
55067
55177
55371
55387
55732
55748
55766
55808
55907
55983
56018
56040
56060
56154
56332
56527
56560
56587
56603
56684
56687
56770
56873
56940
57026
57070
57092
57123
57236
57322
57351
57374
57460
57468
57483
57613
57649
57775
57890
58148
58161
58240
58409
58413
58544
58553
58645
58648
58676
58683
58737
58739
58861
58963
59057
59354
59492
59511
59526
59628
59768
59909
59939
60005
60012
60054
60134
60219
60370
60442
60467
60843
61353
61430
61501
61562
61811
61811
62010
62020
62132
62273
62403
62561
62675
62762
62863
62923
62995
63159
63395
63409
63435
63485
63604
63789
63912
63945
64011
64024
64121
64162
64257
64462
64514
64530
64622
64642
64790
64802
64883
64964
65025
65051
65063
65113
65122
65176
65184
65221
65277
65428
65469
65632
65654
65791
65936
66027
66032
66097
66107
66307
66347
66444
66555
66590
66594
66610
66770
66785
66841
66867
66908
66935
66938
66980
67011
67030
67052
67111
67154
67235
67250
67312
67331
67583
67692
67699
67820
68038
68083
68109
68373
68466
68545
68553
68570
68659
68794
69245
69286
69342
69517
69541
69612
69683
69728
69832
69962
70037
70214
70279
70489
70662
70754
70774
70809
70902
70928
71018
71150
71198
71282
71319
71339
71414
71492
71533
71572
71603
71779
71803
72054
72075
72161
72172
72291
72344
72348
72430
72591
72640
72703
72757
72856
72911
73010
73101
73125
73128
73236
73393
73564
73679
73773
73856
73863
73948
74134
74166
74232
74303
74324
74338
74340
74624
74639
74820
74829
74885
74926
74959
74987
75070
75082
75201
75217
75454
75486
75489
75590
75638
75702
75710
75758
75782
75923
75924
75929
75942
76519
76554
76563
76730
76831
76925
76981
77008
77034
77056
77163
77540
77641
77835
77903
77982
77984
78034
78062
78136
78371
78410
78449
78689
78696
78729
78761
78827
78961
79067
79167
79241
79284
79345
79400
79530
79619
79622
79643
79645
79661
79690
79776
79846
80008
80054
80071
80173
80187
80199
80476
80509
80739
80760
80892
80914
80916
80931
80967
81011
81305
81356
81376
81418
81489
81511
81539
81574
81586
81634
81714
81907
81929
82033
82143
82181
82207
82238
82295
82323
82478
82628
82662
82668
82673
82896
82951
82956
82995
83078
83084
83096
83102
83152
83184
83215
83374
83424
83462
83509
83515
83648
83751
83759
83888
83907
83922
83978
84036
84083
84136
84419
84452
84465
84479
84527
84528
84615
84686
84715
84781
84819
84890
84907
84970
85062
85188
85190
85251
85334
85437
85448
85472
85607
85612
85726
85915
85970
85981
86007
86065
86070
86081
86124
86126
86184
86317
86324
86339
86358
86424
86552
86553
86575
86637
86638
86696
86792
86997
87034
87081
87094
87126
87212
87236
87304
87528
87546
87622
87709
87765
87880
88017
88051
88118
88121
88303
88450
88621
88732
88869
88921
89108
89153
89217
89309
89344
89378
89407
89468
89482
89487
89499
89645
89646
89787
89817
89838
90095
90124
90166
90498
90638
90805
90877
91281
91307
91313
91316
91386
91389
91458
91472
91596
91623
91772
91844
91938
91968
92095
92105
92189
92258
92399
92449
92468
92796
93105
93203
93272
93272
93372
93673
93675
93771
93985
94047
94062
94081
94145
94148
94197
94269
94295
94335
94373
94796
94846
94943
95081
95117
95298
95320
95415
95464
95502
95512
95548
95597
95718
96043
96144
96280
96338
96492
96562
96575
96618
96629
96653
96679
96686
96783
96836
96922
96998
97020
97215
97306
97495
97592
97605
97626
97633
97721
97730
97748
97970
98018
98160
98357
98390
98500
98637
98639
98685
98704
98806
98935
99038
99291
99433
99512
99767
99820
99924
99996
