28
105
156
380
503
612
745
757
775
858
882
1039
1041
1065
1133
1272
1337
1385
1419
1480
1515
1609
1621
1685
1768
1780
1901
2201
2218
2286
2340
2456
2476
2598
2726
2809
2870
2873
2912
2918
2946
2974
2974
3096
3212
3251
3447
3494
3542
3542
3595
3638
3711
3779
3885
4010
4126
4437
4446
4480
4590
4648
4697
4860
4860
5025
5072
5119
5165
5188
5242
5390
5513
5649
5733
5875
5882
6117
6161
6168
6228
6253
6327
6358
6360
6716
6815
6863
6964
7019
7024
7083
7127
7148
7166
7432
7579
7627
7809
7908
8253
8375
8405
8435
8437
8619
8625
8665
8729
8741
8819
8875
8893
9316
9399
9411
9460
9578
9618
9668
9715
9730
9804
9869
10006
10016
10082
10482
10554
10710
10725
10761
10769
10813
10833
10836
10840
10930
10949
10973
11188
11246
11334
11403
11474
11580
11749
11974
12050
12186
12264
12423
12483
12697
12715
12748
12792
12864
12943
13004
13040
13131
13274
13276
13290
13447
13478
13515
13559
13685
13694
13886
13909
13987
13999
14016
14232
14240
14253
14360
14764
14857
14910
15113
15172
15346
15372
15514
15564
15582
15589
15654
16068
16134
16170
16277
16286
16364
16402
16419
16496
16691
16824
16910
16919
16973
17088
17107
17197
17235
17271
17343
17421
17453
17479
17570
17745
17747
17755
17815
17975
18019
18172
18298
18302
18312
18388
18422
18432
18443
18458
18577
18630
18665
18710
18757
18815
18853
18945
19019
19063
19100
19162
19191
19210
19444
19498
19602
19697
19710
19754
19764
19777
19820
20164
20211
20396
20513
20564
20765
20849
21016
21046
21233
21394
21410
21510
21741
21883
21966
22133
22191
22498
22615
22695
22770
23021
23216
23266
23280
23353
23639
23671
23977
24009
24051
24106
24228
24235
24397
24414
24689
24710
24781
24878
24963
25084
25133
25136
25192
25263
25272
25277
25279
25330
25353
25575
25591
25770
25778
25979
26193
26209
26328
26421
26479
26532
26614
26648
26722
26809
26849
27139
27174
27193
27265
27280
27289
27295
27445
27485
27584
27663
27779
27813
27892
28006
28009
28182
28287
28289
28354
28506
28656
28671
28810
28851
28915
29270
29271
29318
29346
29448
29562
29665
29867
29915
30092
30369
30496
30676
30694
30736
30750
30778
31042
31154
31277
31368
31434
31453
31486
31513
31596
31767
31890
32072
32072
32092
32216
32238
32375
32451
32457
32459
32791
32856
32928
33020
33087
33120
33178
33353
33432
33527
33600
33713
33720
33760
33802
33873
33891
33955
34041
34113
34480
34491
34503
34525
34588
34751
34765
34816
34976
34996
35261
35296
35338
35344
35461
35489
35804
35896
35946
35971
36066
36127
36262
36321
36612
36624
36658
36728
36845
36872
36893
36928
37046
37341
37607
37668
37678
37701
37733
37752
37781
37840
37918
38015
38042
38183
38196
38221
38239
38456
38682
38683
38805
38808
38858
38903
38954
38976
39021
39295
39529
39667
39728
39829
39946
40072
40073
40335
40387
40418
40470
40539
40562
40704
41030
41034
41272
41274
41291
41312
41350
41379
41521
41582
41588
41589
41802
41827
42042
42075
42205
42212
42481
42580
42791
42935
42953
43186
43220
43250
43334
43339
43440
43459
43470
43502
43856
43877
43963
44078
44275
44400
44514
44656
44704
44716
44875
44913
45021
45041
45060
45102
45107
45133
45193
45218
45271
45385
45464
45525
45606
45609
45681
45695
45740
45776
45800
46011
46106
46150
46190
46233
46312
46451
46476
46483
46529
46589
46844
46884
46885
46895
47029
47155
47399
47400
47422
47445
47469
47629
47691
47860
47862
47898
47954
47973
48169
48205
48207
48258
48383
48385
48504
48563
48622
48925
48936
48999
49060
49118
49244
49349
49415
49430
49453
49636
49664
49707
49724
49767
49779
49797
49988
49997
50013
50079
50132
50288
50465
50595
50671
50752
50956
51010
51059
51256
51328
51394
51421
51514
51593
51609
51618
51655
51659
51676
51711
51892
51985
52097
52116
52121
52193
52267
52420
52506
52592
52684
52742
52766
52794
52801
52837
52863
52902
53205
53251
53315
53367
53417
53457
53552
53642
53649
53651
53696
53717
53733
53748
53770
53820
53868
53933
54011
54107
54227
54374
54407
54432
54464
54474
54499
54511
54645
54734
54798
54801
54830
54945
55105
55280
55287
55465
55664
55713
55869
55902
55993
56093
56121
56252
56344
56381
56416
56487
56513
56582
56748
56758
56943
56997
57155
57227
57496
57825
57924
57991
58001
58099
58127
58132
58205
58314
58428
58509
58564
58676
58711
58738
59168
59273
59530
59649
59697
59867
60011
60021
60022
60071
60174
60183
60237
60300
60331
60398
60459
60503
60625
60647
60671
60762
60800
60854
60881
60926
61038
61238
61326
61356
61378
61450
61617
61677
61677
61708
61760
61846
61922
62020
62023
62418
62464
62481
62503
62641
62694
62720
62820
62883
63000
63007
63031
63164
63303
63304
63320
63364
63400
63504
63559
63722
63744
63751
63806
63910
64140
64148
64197
64223
64236
64296
64360
64388
64479
64487
64560
64595
64659
64661
64738
64881
64951
65140
65158
65221
65389
65462
65481
65542
65620
65659
65667
65698
65794
65815
66096
66297
66344
66408
66446
66494
66516
66668
66848
66855
66912
66922
66950
66963
66978
67002
67064
67089
67259
67333
67384
67483
67491
67499
67633
67764
67792
67806
67868
67915
67937
67960
68162
68230
68256
68301
68468
68564
68588
68670
68712
68712
68811
69030
69087
69104
69213
69259
69390
69426
69476
69583
69625
69853
69942
69966
70047
70057
70217
70337
70349
70424
70675
70745
70871
70888
70917
70959
70962
70968
71107
71235
71264
71345
71382
71530
71568
71617
71763
71791
71836
71845
71876
71885
72005
72012
72020
72027
72030
72036
72072
72159
72166
72213
72508
72587
72612
72888
72959
72990
73019
73039
73085
73142
73194
73211
73326
73440
73498
73506
73572
73657
73710
73787
73814
74016
74022
74095
74138
74253
74275
74293
74348
74352
74365
74437
74591
74604
74689
74691
74760
74983
75029
75036
75094
75126
75186
75259
75265
75297
75306
75459
75513
75518
75566
75636
75650
75686
75713
75735
75749
75758
76061
76076
76090
76097
76108
76328
76476
76493
76540
76609
76632
76803
76834
76889
76982
77032
77076
77218
77244
77716
77747
77828
77956
77958
78109
78179
78245
78316
78346
78372
78389
78438
78455
78487
78799
78887
79090
79094
79135
79218
79409
79430
79598
79810
79812
79860
80045
80079
80206
80239
80322
80341
80507
80529
80574
80623
80717
80733
80766
80779
80813
80870
81077
81139
81149
81167
81235
81400
81419
81478
81811
81852
81861
81871
81950
81964
81992
82061
82229
82239
82301
82575
82732
83027
83055
83162
83194
83200
83236
83319
83480
83552
83569
83574
83726
83884
83954
83976
84040
84200
84690
84703
84882
84895
85056
85286
85420
85611
85666
85673
85870
85925
85985
85986
85996
86189
86278
86339
86626
86776
86788
86919
86952
86993
86996
87054
87166
87180
87235
87254
87315
87382
87394
87434
87589
87701
87786
88060
88061
88259
88322
88440
88486
88489
88668
88700
88747
88808
89004
89071
89120
89125
89180
89357
89418
89438
89776
89838
89907
89917
90004
90004
90044
90116
90168
90295
90382
90417
90463
90475
90497
90521
90607
90645
90653
90745
90749
90768
90923
90950
91020
91021
91042
91172
91208
91253
91545
91575
91859
92002
92149
92305
92320
92385
92451
92553
92578
92613
92821
92888
93339
93402
93972
94014
94023
94033
94054
94081
94139
94255
94283
94469
94472
94493
94580
94617
94636
94764
95100
95106
95129
95279
95299
95370
95386
95410
95561
95589
95593
95647
95704
95715
95720
95726
95752
95775
95892
95896
95942
96044
96121
96289
96360
96449
96494
96538
96614
96926
96951
97000
97037
97140
97222
97321
97617
97635
97649
97936
97986
98111
98163
98188
98206
98296
98427
98429
98511
98540
98729
98735
98783
98942
98979
99034
99108
99152
99307
99327
99452
99490
99597
99665
99693
99737
99782
99801
99931
99987
