49
73
83
89
91
107
222
227
251
458
519
727
749
753
811
992
1032
1143
1446
1450
1546
1571
1661
1773
1787
1815
1858
1950
1959
1965
2120
2208
2257
2285
2308
2368
2369
2381
2453
2490
2643
2839
2882
2921
2950
2967
3002
3008
3170
3247
3290
3467
3650
3725
3764
3780
3817
3826
3939
4033
4115
4262
4317
4348
4456
4501
4512
4543
4840
4899
5023
5032
5099
5125
5243
5244
5260
5314
5355
5420
5499
5555
5639
5678
5711
5711
5717
5757
5765
5787
5935
5979
6063
6095
6272
6351
6380
6397
6417
6456
6522
6620
7027
7050
7286
7324
7444
7469
7478
7517
7796
7885
7939
8011
8022
8278
8590
8601
8853
8906
8921
8987
8996
9188
9224
9247
9275
9277
9313
9369
9496
9516
9520
9539
9609
9641
9691
9730
9767
9781
9835
9926
10127
10204
10328
10609
10682
10682
10683
10808
10903
11177
11185
11224
11372
11373
11536
11545
11613
11624
11671
11691
11833
11930
11976
12069
12157
12175
12193
12260
12289
12342
12354
12378
12385
12413
12455
12554
12562
12658
12710
12734
12985
13032
13051
13094
13119
13123
13127
13348
13442
13471
13550
13578
13826
13997
14108
14133
14135
14249
14386
14400
14417
14481
14511
14611
14634
14707
14744
14789
14890
14927
15211
15268
15308
15482
15504
15841
15847
15994
16045
16064
16133
16139
16220
16223
16337
16416
16483
16745
16835
16838
16845
16956
17031
17054
17073
17161
17161
17164
17218
17305
17353
17363
17399
17427
17430
17440
17506
17540
17583
17645
17719
17790
17800
17951
17977
18222
18239
18291
18396
18402
18425
18460
18465
18527
18610
18617
18624
18629
18734
18750
19026
19072
19244
19272
19339
19588
19643
19698
19717
19752
19817
19868
20021
20106
20148
20186
20207
20225
20257
20289
20392
20470
20488
20578
20813
20822
20952
21067
21150
21164
21256
21379
21454
21494
21725
21726
21861
21862
21914
22016
22025
22166
22215
22323
22389
22401
22419
22420
22430
22441
22476
22556
22577
22726
22751
22843
23391
23414
23438
23490
23523
23714
23813
23824
23940
24083
24100
24175
24319
24338
24406
24460
24461
24580
24634
24672
24710
24758
24790
24891
24954
24979
24999
25358
25386
25437
25476
25550
25582
25709
25757
25769
25956
25963
26114
26171
26206
26258
26312
26370
26491
26541
26706
26846
26864
26924
27015
27042
27053
27144
27196
27250
27258
27487
27515
27588
27613
27636
27740
27762
27824
27851
28094
28149
28196
28413
28427
28493
28517
28566
28610
28791
28909
29120
29144
29152
29190
29544
29605
29609
29810
29830
29843
29872
30015
30062
30169
30173
30229
30277
30395
30544
30787
30878
30945
31059
31240
31261
31286
31300
31474
31476
31506
31575
31708
31749
31778
31793
31840
31899
31990
32137
32179
32249
32292
32428
32436
32441
32597
32945
33050
33057
33144
33145
33163
33204
33590
33787
33843
33890
33927
33943
34049
34143
34192
34214
34228
34265
34399
34569
34678
34743
34800
34826
34837
34942
34950
34999
35030
35146
35192
35330
35484
35503
35782
35897
36005
36080
36148
36281
36467
36563
36563
36613
36650
36661
36678
36793
36826
36897
36980
37032
37100
37189
37234
37290
37458
37702
37740
37767
37813
37830
37875
37919
37951
37962
37995
38032
38040
38041
38073
38080
38092
38127
38183
38188
38349
38371
38425
38472
38473
38712
38809
38985
39050
39054
39083
39105
39196
39205
39454
39725
39809
39929
39954
40060
40065
40247
40290
40370
40397
40398
40439
40550
40838
40988
41025
41196
41234
41318
41484
41541
41642
41672
41710
41734
41996
42047
42091
42140
42236
42288
42378
42380
42459
42494
42712
42717
42738
42899
42939
43023
43160
43193
43349
43398
43472
43691
43738
43777
43864
44006
44041
44140
44164
44295
44344
44455
44473
44514
44626
44651
44690
44812
44901
44978
45033
45091
45104
45126
45134
45301
45303
45662
45749
45811
46004
46025
46033
46083
46152
46538
46615
46858
46868
46939
47032
47050
47095
47119
47137
47139
47227
47375
47392
47500
47508
47534
47695
47857
47918
48077
48341
48407
48464
48610
48634
48693
48696
48702
48914
49071
49106
49110
49206
49332
49468
49772
49804
49823
49981
50165
50170
50173
50222
50229
50244
50383
50453
50782
50916
50920
50963
50974
50991
51059
51118
51251
51435
51444
51504
51617
51694
51816
51966
52011
52082
52159
52209
52214
52227
52310
52314
52354
52514
52551
52616
52798
52976
53015
53065
53231
53312
53548
53568
53928
54025
54071
54161
54255
54318
54454
54547
54601
54660
54929
55084
55117
55147
55167
55187
55202
55362
55449
55471
55543
55666
55736
55816
56025
56170
56226
56343
56427
56442
56457
56457
56487
56811
56840
56925
56995
57013
57096
57231
57283
57304
57338
57415
57475
57703
57709
57736
57770
57798
57938
57993
58049
58100
58116
58294
58304
58329
58586
58611
58657
58700
58719
58727
58960
58972
59086
59101
59228
59296
59347
59675
59711
59770
59780
60145
60263
60282
60324
60347
60434
60549
60606
60827
60919
61002
61034
61294
61392
61511
61513
61531
61669
61829
61903
62044
62089
62123
62263
62321
62357
62392
62504
62639
62723
62740
62864
62876
62930
62965
62994
63111
63191
63205
63258
63271
63274
63355
63418
63498
63498
63533
63569
63590
63629
63740
63909
64042
64161
64186
64311
64378
64432
64457
64473
64537
64538
64625
65163
65219
65305
65324
65378
65523
65564
65656
65785
65787
65840
65882
65976
66066
66082
66154
66349
66362
66411
66449
66567
66701
67282
67392
67439
67596
67704
67744
67898
68277
68300
68337
68342
68580
68735
68804
68827
68845
69031
69037
69151
69506
69636
69646
69689
69818
69904
69919
69933
70069
70070
70080
70090
70183
70192
70297
70326
70337
70392
70407
70479
70498
70519
70526
70614
70699
70716
70806
70879
70932
71010
71032
71221
71260
71309
71329
71331
71464
71518
71581
71601
71695
71697
71741
71832
71886
71932
71968
72007
72065
72099
72144
72421
72423
72503
72919
73037
73139
73234
73256
73262
73390
73405
73519
74082
74240
74611
74617
74716
74741
74786
74795
74819
74905
75118
75184
75279
75373
75396
75469
75717
75825
75947
75978
76202
76264
76349
76525
76546
76659
76831
76884
77098
77137
77312
77355
77421
77474
77504
77509
77775
77907
77939
77957
78136
78464
78565
78568
78673
78693
78720
78736
78987
79118
79126
79129
79281
79539
79637
79697
79783
79799
80008
80010
80041
80065
80100
80250
80386
80536
80668
80706
80821
80846
80876
80897
80921
80922
81131
81211
81284
81444
81547
81549
81632
81707
81890
81921
81987
81989
82000
82071
82334
82355
82461
82480
82551
82581
82668
82863
82883
82901
82914
82965
83278
83530
83546
83588
83591
83643
83652
83656
83657
83680
83722
84364
84473
84504
84524
84612
84785
84795
84851
84852
84898
84952
84962
85264
85347
85445
85462
85500
85500
85589
85620
85671
85690
85738
85866
85950
86085
86195
86212
86239
86336
86439
86442
86469
86479
86506
86647
86677
86783
86839
86956
86959
87055
87129
87393
87502
87507
87670
87705
87843
87901
88124
88177
88200
88330
88385
88452
88555
88687
88745
88872
88876
88901
89052
89131
89177
89246
89308
89380
89397
89515
89709
89731
89751
89999
90014
90116
90195
90232
90261
90274
90301
90324
90600
90625
90726
90781
90945
91132
91152
91299
91359
91439
91514
91637
91766
91831
91983
92004
92014
92422
92559
92639
92744
92970
93032
93135
93151
93437
93488
93490
93686
93738
93789
93843
93848
93884
93920
93934
93936
93976
94295
94342
94469
94473
94487
94516
94624
94644
94863
95334
95344
95406
95558
95561
95608
95628
95646
95675
95711
95729
95882
96245
96343
96345
96367
96436
96707
96719
96796
96808
96916
97062
97126
97156
97164
97304
97503
97616
97636
97659
97664
97871
97907
97969
97992
98063
98064
98122
98243
98278
98443
98499
98648
98724
98771
98940
98987
99015
99017
99089
99303
99322
99348
99492
99507
99656
99754
99763
99813
99841
