13
14
16
22
31
35
37
49
66
73
79
83
83
87
89
91
107
131
148
163
170
185
188
190
191
204
205
214
214
220
222
226
227
251
269
274
302
320
334
336
354
373
388
400
402
408
430
433
435
457
458
464
472
488
514
519
521
524
553
573
587
612
647
652
695
698
712
717
720
722
724
725
725
727
731
740
749
753
756
762
789
789
811
829
843
851
858
868
873
903
907
914
932
933
936
943
949
962
971
976
986
987
992
993
1005
1005
1019
1023
1023
1030
1032
1048
1060
1068
1087
1124
1137
1143
1143
1193
1196
1201
1202
1221
1232
1246
1254
1264
1302
1308
1314
1316
1318
1319
1324
1336
1340
1359
1363
1370
1389
1402
1430
1446
1450
1473
1496
1529
1545
1546
1546
1552
1552
1556
1564
1571
1573
1574
1575
1591
1617
1655
1660
1661
1697
1700
1705
1707
1732
1733
1734
1746
1754
1761
1773
1785
1787
1815
1847
1853
1858
1863
1865
1878
1879
1881
1889
1898
1900
1900
1902
1906
1913
1914
1918
1918
1950
1950
1959
1963
1965
1973
1984
1990
2000
2007
2009
2021
2034
2043
2053
2055
2059
2061
2077
2106
2112
2117
2120
2122
2148
2166
2168
2176
2180
2208
2209
2217
2241
2254
2257
2261
2263
2278
2280
2281
2285
2289
2308
2310
2323
2325
2341
2343
2352
2368
2369
2371
2377
2381
2381
2383
2386
2396
2408
2414
2422
2452
2453
2453
2454
2457
2458
2467
2485
2490
2505
2529
2548
2551
2553
2583
2593
2618
2619
2634
2643
2648
2655
2658
2670
2671
2682
2698
2702
2708
2734
2736
2743
2743
2756
2757
2773
2812
2839
2839
2842
2848
2854
2882
2909
2912
2921
2950
2951
2967
2992
3002
3006
3008
3009
3010
3021
3032
3056
3067
3081
3094
3097
3099
3104
3110
3112
3117
3126
3127
3133
3146
3153
3165
3170
3196
3203
3207
3213
3221
3231
3234
3247
3254
3264
3290
3291
3296
3300
3301
3310
3333
3334
3361
3367
3369
3369
3381
3417
3426
3441
3451
3460
3465
3467
3470
3475
3482
3507
3519
3526
3536
3563
3610
3621
3646
3650
3655
3665
3693
3706
3718
3722
3725
3755
3764
3771
3773
3780
3792
3817
3820
3821
3823
3826
3832
3834
3847
3850
3859
3864
3874
3880
3896
3922
3939
3947
3952
3958
3961
3961
3964
3968
3974
3975
3997
3999
4006
4026
4032
4033
4051
4055
4087
4098
4101
4115
4126
4146
4165
4187
4199
4215
4218
4254
4258
4262
4271
4273
4280
4306
4317
4330
4348
4371
4372
4375
4376
4386
4389
4391
4392
4412
4433
4454
4456
4467
4467
4470
4470
4473
4491
4501
4503
4505
4512
4522
4526
4528
4538
4540
4543
4560
4563
4570
4573
4576
4585
4588
4603
4621
4622
4630
4634
4635
4644
4662
4663
4676
4680
4691
4695
4707
4708
4709
4711
4720
4729
4738
4740
4744
4759
4767
4775
4797
4801
4830
4837
4840
4848
4850
4859
4861
4874
4878
4885
4886
4898
4899
4920
4929
4953
4956
5001
5020
5023
5032
5034
5045
5054
5088
5088
5096
5099
5104
5108
5114
5114
5117
5118
5125
5125
5140
5142
5142
5158
5176
5203
5206
5211
5219
5222
5228
5243
5244
5247
5251
5253
5260
5262
5265
5297
5306
5309
5314
5339
5345
5345
5347
5351
5355
5374
5375
5386
5395
5415
5420
5422
5438
5444
5453
5454
5467
5473
5479
5499
5511
5511
5515
5543
5548
5554
5555
5563
5581
5584
5613
5617
5620
5631
5639
5648
5673
5678
5681
5681
5691
5693
5711
5711
5716
5717
5722
5743
5744
5756
5757
5765
5772
5773
5773
5785
5787
5809
5820
5824
5828
5838
5845
5863
5870
5887
5889
5935
5937
5941
5968
5969
5979
5990
6002
6010
6042
6046
6063
6076
6095
6107
6121
6144
6151
6151
6156
6160
6162
6171
6181
6199
6199
6199
6200
6209
6225
6226
6235
6239
6243
6244
6255
6259
6268
6272
6274
6276
6281
6284
6334
6351
6356
6372
6380
6397
6417
6420
6423
6426
6428
6430
6440
6456
6458
6500
6522
6522
6546
6565
6576
6580
6620
6632
6652
6654
6666
6668
6669
6672
6692
6698
6699
6713
6727
6742
6748
6772
6794
6799
6824
6828
6831
6839
6849
6859
6864
6866
6867
6881
6883
6904
6906
6916
6917
6918
6923
6925
6929
6946
6946
6954
6964
6966
6999
7004
7027
7037
7043
7050
7063
7072
7079
7081
7089
7092
7101
7105
7110
7131
7134
7134
7145
7161
7174
7179
7185
7202
7204
7204
7205
7207
7209
7222
7239
7268
7268
7278
7278
7286
7307
7308
7324
7325
7374
7376
7377
7401
7410
7419
7428
7433
7443
7444
7454
7469
7478
7481
7497
7498
7517
7531
7535
7551
7572
7608
7620
7635
7650
7650
7655
7661
7677
7681
7683
7690
7692
7729
7736
7753
7754
7788
7789
7791
7796
7803
7824
7826
7829
7850
7875
7883
7885
7893
7897
7918
7919
7939
7950
7962
7963
7964
7974
7975
7983
7993
8004
8005
8011
8022
8039
8064
8066
8074
8088
8089
8110
8112
8122
8145
8150
8161
8180
8182
8189
8190
8202
8208
8218
8218
8221
8223
8232
8278
8285
8298
8314
8337
8338
8342
8359
8363
8373
8386
8407
8414
8414
8415
8434
8442
8453
8456
8462
8466
8470
8477
8497
8498
8498
8510
8515
8517
8518
8521
8536
8538
8553
8554
8585
8590
8593
8601
8608
8638
8638
8653
8669
8682
8695
8703
8708
8716
8731
8732
8748
8751
8761
8769
8775
8792
8793
8796
8805
8806
8821
8829
8832
8849
8849
8853
8864
8871
8877
8877
8894
8899
8906
8910
8912
8914
8915
8921
8926
8928
8929
8932
8939
8950
8951
8956
8974
8977
8986
8987
8996
9025
9026
9048
9059
9061
9068
9069
9087
9127
9131
9153
9155
9167
9169
9188
9198
9205
9209
9224
9226
9230
9247
9247
9259
9271
9274
9275
9277
9278
9288
9312
9313
9341
9356
9361
9369
9379
9386
9391
9393
9397
9399
9408
9422
9423
9430
9437
9456
9461
9463
9480
9491
9496
9516
9520
9524
9528
9530
9539
9557
9558
9609
9612
9631
9636
9640
9641
9656
9662
9666
9671
9673
9678
9691
9727
9730
9742
9766
9767
9775
9777
9781
9796
9798
9803
9809
9815
9824
9835
9846
9863
9867
9883
9884
9895
9926
9929
9934
9937
9941
9951
9959
9970
9973
9977
9995
10003
10019
10019
10036
10039
10058
10061
10116
10126
10127
10128
10128
10145
10156
10169
10178
10185
10201
10204
10207
10230
10265
10268
10279
10279
10294
10300
10302
10303
10328
10331
10336
10346
10346
10351
10368
10382
10389
10391
10392
10393
10428
10435
10440
10452
10456
10491
10496
10529
10539
10554
10558
10571
10605
10609
10614
10635
10641
10671
10675
10678
10680
10682
10682
10683
10697
10730
10758
10776
10785
10788
10791
10803
10808
10832
10839
10851
10857
10873
10874
10890
10903
10918
10930
10976
10977
10993
10994
11054
11055
11060
11083
11084
11085
11102
11104
11111
11114
11117
11127
11132
11155
11177
11185
11196
11221
11224
11244
11258
11261
11270
11272
11278
11301
11313
11319
11320
11336
11357
11372
11373
11442
11445
11467
11490
11505
11523
11536
11537
11538
11545
11558
11559
11561
11569
11599
11602
11613
11622
11624
11657
11659
11660
11665
11671
11677
11690
11691
11692
11729
11731
11733
11735
11744
11747
11755
11757
11780
11783
11785
11800
11810
11811
11832
11833
11861
11863
11869
11885
11912
11920
11927
11930
11954
11954
11976
11978
11993
11993
11998
12016
12023
12032
12038
12053
12056
12057
12063
12069
12082
12098
12105
12109
12122
12157
12165
12175
12193
12198
12200
12203
12227
12232
12250
12255
12260
12264
12265
12275
12289
12291
12297
12307
12342
12346
12349
12351
12354
12378
12385
12387
12392
12408
12413
12432
12439
12440
12451
12455
12481
12522
12533
12550
12553
12554
12555
12559
12562
12564
12569
12591
12622
12643
12656
12658
12667
12672
12686
12707
12710
12723
12731
12734
12748
12758
12773
12776
12777
12781
12790
12800
12812
12816
12838
12840
12840
12841
12849
12853
12871
12879
12888
12928
12934
12935
12945
12954
12985
13029
13032
13040
13045
13049
13050
13051
13059
13063
13064
13066
13085
13090
13094
13103
13111
13119
13123
13127
13139
13154
13167
13171
13183
13185
13198
13224
13225
13235
13298
13305
13307
13329
13335
13340
13340
13348
13350
13375
13382
13392
13441
13442
13451
13471
13475
13489
13492
13496
13500
13501
13516
13536
13550
13553
13567
13578
13608
13623
13633
13638
13650
13670
13684
13698
13711
13714
13715
13720
13750
13755
13791
13795
13800
13801
13811
13813
13826
13826
13854
13883
13884
13906
13907
13908
13917
13974
13988
13997
14033
14053
14055
14056
14058
14088
14090
14098
14105
14106
14108
14127
14133
14135
14147
14157
14161
14162
14178
14184
14215
14230
14237
14249
14253
14264
14282
14290
14318
14327
14357
14382
14383
14386
14400
14400
14409
14409
14417
14417
14426
14446
14450
14455
14479
14480
14481
14483
14492
14495
14496
14502
14511
14515
14523
14524
14557
14570
14572
14572
14589
14604
14605
14611
14612
14616
14617
14620
14622
14626
14634
14672
14690
14690
14700
14707
14719
14728
14731
14739
14743
14744
14756
14786
14789
14790
14813
14818
14836
14852
14880
14883
14890
14905
14905
14927
14931
14938
14982
14992
15011
15024
15035
15045
15089
15095
15105
15118
15132
15138
15145
15146
15150
15155
15166
15171
15172
15181
15184
15200
15200
15201
15211
15232
15244
15260
15268
15273
15275
15284
15287
15295
15295
15308
15312
15349
15353
15354
15368
15371
15371
15379
15400
15407
15408
15415
15421
15426
15444
15468
15477
15482
15504
15513
15518
15523
15531
15542
15547
15564
15565
15570
15584
15589
15598
15600
15613
15615
15615
15633
15693
15696
15698
15719
15750
15750
15774
15789
15794
15823
15830
15841
15847
15850
15860
15872
15879
15891
15896
15896
15903
15923
15926
15934
15944
15970
15973
15979
15983
15984
15992
15994
16015
16018
16019
16040
16045
16045
16054
16064
16096
16101
16109
16111
16133
16137
16139
16143
16161
16168
16181
16186
16191
16220
16223
16225
16244
16256
16281
16287
16289
16301
16307
16308
16337
16337
16345
16347
16365
16405
16411
16411
16416
16430
16446
16466
16473
16483
16492
16500
16501
16540
16542
16562
16563
16566
16569
16575
16586
16626
16630
16657
16660
16673
16674
16675
16687
16687
16688
16695
16697
16716
16722
16724
16728
16745
16746
16761
16766
16777
16792
16793
16794
16817
16825
16835
16838
16845
16845
16848
16853
16865
16870
16896
16910
16912
16938
16945
16952
16956
16976
16978
16980
16982
16983
16993
17010
17031
17039
17042
17054
17073
17109
17161
17161
17164
17176
17182
17191
17201
17201
17208
17217
17218
17226
17256
17279
17292
17305
17311
17320
17332
17336
17353
17363
17387
17389
17399
17413
17427
17430
17440
17454
17457
17485
17492
17506
17536
17540
17543
17546
17569
17570
17578
17579
17580
17583
17588
17590
17597
17621
17622
17629
17632
17645
17649
17677
17687
17687
17690
17700
17714
17714
17719
17728
17729
17741
17758
17761
17772
17790
17800
17803
17832
17844
17851
17855
17858
17861
17880
17886
17887
17909
17912
17919
17932
17932
17935
17951
17952
17964
17977
17984
17994
18000
18003
18017
18032
18034
18044
18061
18066
18067
18075
18080
18106
18109
18114
18116
18122
18135
18145
18148
18161
18163
18185
18198
18199
18208
18210
18210
18222
18224
18230
18239
18240
18243
18259
18263
18264
18266
18274
18277
18291
18305
18313
18321
18335
18345
18352
18361
18362
18372
18380
18384
18396
18397
18400
18402
18425
18425
18429
18430
18436
18440
18454
18460
18462
18465
18519
18520
18527
18553
18567
18581
18587
18596
18610
18613
18617
18619
18624
18629
18647
18648
18654
18665
18671
18681
18692
18700
18701
18708
18734
18750
18751
18758
18759
18764
18764
18768
18771
18778
18781
18789
18795
18806
18822
18832
18855
18856
18858
18861
18865
18880
18886
18892
18903
18909
18918
18927
18935
18954
18961
18977
18978
18988
18996
18996
18997
19019
19026
19040
19042
19055
19056
19072
19076
19079
19081
19095
19106
19114
19120
19170
19186
19220
19231
19234
19241
19244
19253
19260
19272
19272
19273
19278
19281
19299
19320
19339
19339
19342
19346
19365
19375
19376
19376
19398
19411
19414
19419
19426
19428
19431
19485
19493
19497
19500
19508
19526
19533
19535
19563
19584
19586
19588
19594
19613
19640
19643
19644
19647
19650
19680
19688
19689
19698
19708
19713
19713
19713
19715
19717
19727
19752
19773
19782
19783
19797
19817
19823
19824
19827
19830
19837
19837
19841
19848
19868
19868
19895
19897
19912
19922
19924
19927
19960
19971
19983
19987
19998
20001
20008
20017
20021
20035
20041
20094
20100
20106
20109
20129
20141
20144
20145
20148
20151
20162
20163
20170
20184
20186
20207
20209
20217
20225
20254
20257
20261
20262
20289
20293
20299
20300
20300
20302
20307
20313
20319
20321
20326
20338
20341
20355
20358
20371
20389
20392
20413
20417
20423
20447
20447
20470
20481
20483
20488
20514
20518
20519
20529
20533
20535
20536
20546
20549
20570
20578
20583
20591
20602
20602
20609
20612
20620
20624
20629
20631
20693
20696
20718
20719
20723
20733
20748
20791
20813
20815
20822
20829
20833
20844
20848
20872
20906
20912
20952
20955
20966
20976
20989
21004
21005
21007
21016
21024
21024
21037
21055
21061
21062
21067
21076
21076
21086
21091
21103
21103
21127
21134
21145
21150
21153
21156
21164
21197
21198
21208
21220
21256
21294
21309
21320
21344
21373
21374
21379
21385
21388
21407
21412
21418
21439
21450
21451
21454
21461
21467
21470
21483
21483
21494
21504
21510
21531
21545
21558
21560
21561
21575
21594
21601
21612
21622
21623
21631
21632
21648
21649
21662
21700
21702
21703
21725
21726
21732
21735
21738
21761
21799
21805
21806
21813
21814
21823
21826
21827
21829
21861
21861
21862
21867
21873
21888
21889
21899
21907
21914
21917
21919
21933
21935
21951
21952
21958
21974
21984
22002
22005
22005
22006
22016
22017
22021
22023
22025
22032
22036
22041
22044
22046
22049
22052
22097
22098
22104
22109
22110
22111
22112
22113
22123
22129
22158
22160
22160
22166
22191
22203
22204
22209
22215
22220
22232
22243
22248
22253
22257
22257
22271
22299
22323
22325
22328
22355
22357
22365
22377
22381
22389
22394
22401
22403
22409
22419
22420
22430
22441
22446
22447
22464
22467
22471
22476
22488
22489
22490
22493
22531
22542
22556
22569
22577
22584
22587
22603
22622
22641
22643
22672
22680
22683
22697
22717
22726
22751
22791
22793
22802
22807
22824
22837
22842
22843
22843
22888
22939
22960
22965
22987
22995
23001
23011
23012
23023
23061
23063
23081
23085
23109
23115
23128
23147
23152
23156
23157
23163
23173
23179
23179
23185
23187
23192
23214
23220
23224
23224
23227
23229
23248
23253
23261
23264
23264
23287
23297
23304
23309
23344
23379
23391
23391
23393
23402
23406
23414
23426
23429
23432
23433
23438
23438
23440
23446
23452
23454
23457
23459
23463
23482
23490
23492
23519
23520
23523
23547
23568
23569
23575
23576
23583
23590
23609
23610
23615
23625
23639
23649
23650
23655
23656
23661
23681
23687
23690
23694
23706
23712
23714
23745
23749
23756
23761
23772
23778
23788
23793
23813
23816
23824
23832
23854
23881
23894
23899
23923
23940
23942
23945
23946
23975
24015
24020
24044
24051
24080
24080
24081
24083
24086
24093
24093
24095
24095
24100
24100
24124
24127
24132
24153
24163
24165
24175
24191
24199
24229
24255
24255
24259
24272
24279
24285
24316
24319
24322
24336
24338
24403
24405
24406
24420
24433
24435
24455
24455
24460
24461
24464
24467
24482
24509
24543
24558
24580
24583
24608
24617
24620
24634
24645
24647
24650
24652
24652
24654
24670
24672
24673
24674
24678
24683
24688
24692
24704
24708
24710
24712
24713
24715
24717
24717
24720
24731
24756
24758
24770
24771
24777
24777
24783
24786
24786
24790
24844
24850
24887
24891
24894
24916
24937
24942
24948
24954
24958
24963
24979
24994
24995
24999
25004
25012
25037
25056
25080
25089
25095
25125
25131
25132
25132
25134
25136
25170
25198
25204
25206
25228
25245
25246
25257
25283
25286
25303
25314
25322
25329
25335
25341
25346
25358
25363
25386
25392
25395
25404
25415
25437
25448
25458
25463
25473
25476
25483
25484
25509
25550
25564
25582
25595
25629
25631
25638
25645
25662
25666
25668
25673
25675
25681
25686
25691
25693
25709
25736
25747
25757
25769
25769
25788
25793
25799
25802
25836
25836
25858
25873
25877
25879
25914
25930
25932
25956
25960
25960
25961
25963
25970
25970
25997
26011
26031
26032
26052
26053
26063
26100
26114
26115
26115
26118
26126
26134
26148
26148
26171
26173
26187
26188
26189
26190
26200
26206
26206
26248
26258
26266
26283
26300
26311
26312
26312
26323
26339
26344
26344
26357
26361
26364
26364
26370
26382
26384
26387
26403
26414
26422
26436
26460
26480
26491
26510
26516
26527
26539
26541
26545
26563
26566
26573
26574
26580
26616
26628
26641
26648
26650
26657
26660
26665
26678
26690
26698
26701
26703
26706
26716
26736
26761
26773
26785
26789
26809
26846
26848
26849
26855
26858
26864
26864
26876
26890
26911
26923
26924
26931
26933
26945
26952
26973
26978
26987
27009
27012
27015
27022
27033
27042
27053
27065
27097
27098
27110
27110
27112
27133
27133
27135
27141
27144
27160
27172
27179
27179
27185
27189
27196
27202
27204
27206
27231
27245
27247
27250
27253
27258
27264
27265
27282
27326
27328
27370
27373
27387
27402
27403
27403
27412
27428
27429
27435
27443
27446
27460
27487
27496
27510
27513
27514
27515
27518
27569
27569
27587
27588
27591
27603
27612
27613
27618
27618
27633
27636
27637
27651
27651
27660
27661
27667
27691
27697
27712
27719
27740
27762
27777
27783
27784
27820
27824
27826
27837
27845
27850
27851
27854
27854
27868
27923
27924
27933
27959
27974
27977
27985
27986
27989
28008
28026
28031
28049
28050
28069
28076
28094
28120
28141
28142
28148
28149
28162
28188
28196
28226
28228
28251
28251
28269
28294
28328
28345
28359
28368
28383
28387
28388
28393
28413
28415
28416
28423
28427
28430
28465
28474
28478
28481
28487
28489
28493
28499
28501
28504
28513
28517
28543
28546
28565
28566
28610
28612
28626
28631
28632
28671
28674
28677
28691
28709
28713
28715
28719
28720
28747
28758
28759
28760
28789
28791
28815
28817
28843
28852
28858
28859
28898
28909
28920
28921
28931
28947
28966
28979
28984
28988
28989
29001
29010
29012
29013
29016
29023
29025
29040
29042
29057
29068
29091
29116
29120
29141
29144
29152
29162
29169
29178
29182
29184
29190
29217
29227
29235
29261
29271
29273
29280
29282
29288
29293
29328
29335
29357
29375
29384
29399
29401
29454
29456
29456
29457
29481
29494
29499
29506
29508
29513
29521
29522
29536
29540
29544
29552
29584
29601
29605
29609
29615
29620
29630
29631
29643
29656
29664
29691
29698
29701
29704
29705
29708
29726
29731
29731
29745
29756
29759
29769
29782
29791
29795
29800
29800
29810
29821
29825
29830
29843
29852
29860
29872
29873
29876
29894
29898
29907
29915
29919
29921
29922
29924
29931
29931
29934
29952
29966
29981
29986
29992
30003
30015
30031
30038
30047
30049
30062
30079
30086
30098
30101
30104
30119
30123
30138
30154
30169
30172
30173
30176
30186
30196
30211
30229
30252
30256
30257
30263
30277
30292
30298
30298
30306
30317
30328
30337
30365
30370
30387
30387
30395
30411
30427
30438
30451
30484
30487
30494
30533
30542
30544
30557
30575
30588
30598
30607
30608
30614
30622
30662
30672
30684
30703
30715
30733
30735
30748
30787
30796
30810
30815
30817
30830
30862
30878
30904
30905
30909
30916
30925
30926
30929
30931
30945
30965
30985
30994
31007
31010
31014
31022
31044
31045
31048
31053
31059
31065
31069
31111
31113
31138
31149
31158
31162
31183
31185
31191
31196
31233
31234
31240
31245
31261
31284
31286
31290
31291
31294
31298
31300
31304
31310
31319
31344
31345
31385
31387
31408
31449
31460
31465
31474
31476
31485
31506
31508
31510
31525
31528
31531
31534
31541
31570
31575
31578
31591
31613
31619
31637
31638
31643
31657
31658
31660
31663
31668
31685
31686
31696
31708
31729
31730
31734
31736
31747
31749
31754
31773
31778
31791
31793
31794
31832
31839
31840
31841
31859
31866
31877
31887
31899
31901
31949
31960
31961
31971
31990
31993
32019
32024
32088
32111
32123
32134
32137
32150
32162
32166
32178
32179
32181
32182
32185
32194
32194
32206
32211
32221
32234
32242
32249
32267
32271
32292
32297
32302
32303
32309
32318
32330
32331
32333
32360
32400
32403
32418
32428
32436
32436
32441
32465
32506
32511
32520
32538
32545
32547
32550
32553
32566
32586
32594
32597
32599
32621
32631
32637
32652
32653
32695
32704
32730
32734
32734
32734
32737
32751
32756
32757
32772
32796
32797
32801
32808
32824
32830
32839
32845
32859
32888
32901
32904
32912
32915
32921
32942
32945
32946
32972
32976
32978
32988
33012
33015
33022
33050
33051
33057
33057
33062
33077
33085
33092
33112
33121
33123
33131
33131
33136
33144
33145
33149
33152
33156
33163
33173
33195
33204
33214
33251
33261
33288
33309
33316
33366
33376
33389
33412
33417
33419
33448
33456
33460
33467
33471
33478
33484
33485
33489
33498
33507
33517
33528
33529
33552
33556
33560
33569
33590
33597
33602
33607
33610
33611
33614
33667
33668
33685
33690
33699
33723
33751
33769
33773
33774
33782
33787
33811
33820
33829
33841
33843
33846
33855
33866
33871
33882
33890
33913
33927
33934
33939
33943
33945
33954
33958
33960
33982
33985
34005
34006
34009
34011
34012
34016
34049
34057
34064
34066
34078
34089
34138
34139
34140
34143
34143
34149
34157
34176
34179
34192
34195
34202
34205
34214
34227
34228
34229
34230
34246
34265
34278
34317
34337
34346
34368
34374
34379
34381
34381
34396
34398
34399
34417
34425
34431
34455
34467
34472
34483
34501
34523
34525
34534
34535
34569
34572
34580
34597
34602
34606
34628
34652
34655
34666
34676
34678
34691
34693
34694
34698
34717
34719
34743
34743
34753
34753
34791
34796
34798
34800
34821
34823
34826
34837
34837
34839
34845
34850
34863
34917
34926
34932
34935
34942
34950
34952
34956
34989
34998
34999
35003
35016
35018
35030
35077
35098
35103
35135
35146
35148
35150
35151
35151
35162
35164
35192
35194
35214
35222
35234
35243
35257
35258
35261
35262
35283
35292
35325
35330
35330
35336
35375
35391
35395
35422
35450
35467
35473
35473
35484
35503
35510
35522
35543
35569
35570
35614
35661
35662
35672
35675
35690
35696
35705
35725
35744
35758
35782
35800
35814
35831
35858
35867
35867
35882
35889
35890
35897
35901
35907
35908
35919
35941
35946
35963
35973
35978
35984
35997
35999
36004
36005
36009
36010
36025
36027
36038
36045
36051
36068
36080
36123
36135
36138
36148
36156
36164
36173
36192
36201
36227
36229
36231
36256
36270
36281
36291
36320
36339
36344
36345
36346
36349
36364
36367
36370
36371
36377
36378
36379
36388
36411
36419
36421
36463
36467
36471
36482
36483
36507
36525
36563
36563
36567
36575
36584
36595
36597
36598
36609
36613
36636
36650
36657
36661
36672
36677
36678
36691
36730
36731
36732
36736
36746
36751
36760
36766
36773
36786
36789
36793
36795
36797
36813
36814
36822
36826
36829
36847
36854
36862
36876
36884
36897
36912
36959
36963
36980
36980
37003
37012
37022
37027
37032
37040
37061
37065
37086
37087
37088
37100
37100
37108
37115
37116
37128
37129
37175
37189
37196
37198
37216
37223
37231
37234
37247
37252
37260
37277
37283
37290
37291
37294
37304
37371
37385
37392
37397
37401
37404
37410
37433
37434
37442
37444
37458
37458
37459
37465
37505
37515
37536
37546
37584
37590
37592
37610
37618
37681
37684
37686
37690
37702
37722
37732
37734
37740
37741
37767
37776
37780
37799
37808
37813
37814
37818
37830
37848
37864
37875
37882
37892
37892
37893
37914
37914
37919
37938
37951
37961
37962
37963
37995
37995
38002
38002
38010
38011
38018
38032
38040
38041
38053
38073
38080
38092
38097
38097
38099
38100
38121
38127
38132
38143
38156
38160
38175
38183
38186
38188
38196
38211
38218
38236
38237
38238
38267
38274
38296
38323
38349
38349
38359
38364
38365
38368
38371
38378
38385
38389
38398
38423
38425
38427
38429
38433
38438
38448
38455
38460
38472
38473
38488
38511
38512
38524
38534
38546
38571
38585
38600
38600
38626
38641
38646
38649
38703
38712
38712
38729
38731
38733
38741
38741
38756
38792
38796
38806
38809
38824
38862
38866
38888
38903
38927
38946
38959
38985
38994
38996
39001
39007
39012
39019
39024
39036
39050
39054
39083
39086
39105
39152
39152
39196
39200
39205
39206
39211
39225
39230
39247
39277
39311
39333
39338
39345
39350
39371
39380
39411
39416
39431
39454
39480
39484
39508
39531
39533
39538
39540
39566
39567
39570
39612
39623
39629
39629
39645
39650
39666
39677
39684
39695
39719
39725
39731
39731
39745
39748
39750
39809
39813
39861
39879
39895
39901
39909
39929
39942
39944
39952
39954
39961
39968
39989
39999
40002
40004
40007
40009
40014
40030
40047
40060
40060
40065
40073
40088
40096
40102
40117
40130
40130
40145
40146
40190
40217
40226
40234
40247
40266
40268
40272
40277
40281
40290
40304
40313
40316
40321
40325
40331
40344
40357
40370
40382
40390
40397
40398
40412
40412
40415
40439
40447
40450
40461
40479
40491
40492
40497
40498
40523
40545
40548
40550
40564
40587
40606
40607
40609
40610
40628
40628
40637
40643
40655
40672
40691
40693
40727
40731
40746
40763
40770
40772
40779
40795
40805
40833
40838
40841
40852
40863
40873
40881
40883
40887
40908
40913
40921
40941
40942
40953
40980
40984
40988
40989
40992
41012
41015
41025
41044
41060
41063
41103
41104
41112
41167
41180
41183
41192
41192
41193
41196
41212
41234
41258
41270
41282
41282
41295
41297
41310
41313
41318
41337
41340
41357
41360
41369
41390
41397
41433
41440
41453
41463
41476
41482
41484
41490
41495
41505
41510
41540
41540
41541
41545
41558
41565
41568
41615
41616
41629
41634
41642
41644
41644
41661
41672
41699
41709
41710
41711
41731
41734
41740
41761
41768
41771
41780
41802
41819
41819
41820
41855
41866
41891
41893
41893
41918
41954
41977
41996
42004
42005
42024
42047
42053
42060
42069
42078
42085
42091
42096
42116
42130
42140
42141
42161
42181
42195
42211
42216
42220
42226
42228
42231
42236
42239
42248
42257
42268
42271
42284
42288
42294
42304
42314
42348
42355
42360
42372
42374
42378
42380
42383
42436
42438
42447
42448
42454
42459
42494
42499
42514
42516
42531
42544
42546
42549
42551
42571
42581
42581
42582
42583
42607
42607
42610
42615
42622
42631
42637
42638
42642
42659
42669
42704
42704
42712
42717
42738
42746
42751
42762
42773
42779
42799
42800
42805
42812
42843
42846
42860
42866
42876
42877
42878
42898
42899
42939
42940
42944
42945
43023
43033
43050
43066
43074
43097
43106
43112
43114
43120
43123
43147
43160
43175
43175
43182
43193
43224
43240
43244
43260
43266
43296
43297
43337
43338
43343
43349
43351
43355
43370
43398
43402
43409
43424
43424
43469
43472
43477
43487
43487
43523
43527
43537
43543
43573
43618
43642
43651
43653
43656
43668
43673
43678
43680
43691
43716
43717
43725
43738
43739
43752
43755
43757
43777
43788
43792
43794
43810
43817
43831
43843
43852
43857
43864
43918
43918
43919
43926
43928
43930
43956
43963
43964
43983
44006
44009
44024
44031
44032
44041
44062
44077
44080
44096
44100
44101
44113
44138
44140
44149
44164
44169
44185
44199
44202
44207
44208
44208
44219
44228
44244
44254
44259
44273
44284
44287
44295
44302
44318
44323
44332
44344
44354
44363
44363
44374
44380
44384
44393
44410
44411
44415
44417
44419
44431
44436
44440
44446
44447
44448
44455
44456
44457
44461
44465
44473
44479
44496
44514
44523
44542
44547
44554
44568
44584
44595
44605
44608
44622
44625
44626
44642
44651
44652
44654
44658
44661
44667
44668
44690
44724
44725
44737
44747
44751
44765
44772
44784
44799
44802
44804
44812
44818
44833
44834
44842
44844
44853
44863
44868
44880
44893
44901
44903
44904
44907
44910
44911
44955
44969
44971
44972
44978
44980
44980
44987
44988
45012
45017
45033
45039
45053
45053
45072
45077
45081
45091
45094
45104
45112
45125
45126
45128
45134
45139
45153
45153
45154
45191
45211
45214
45223
45236
45236
45241
45247
45264
45270
45301
45303
45305
45330
45350
45353
45354
45416
45445
45448
45455
45457
45459
45465
45475
45481
45504
45506
45518
45590
45595
45603
45628
45629
45638
45641
45643
45647
45662
45664
45675
45691
45705
45714
45719
45725
45734
45746
45749
45788
45800
45811
45812
45813
45823
45871
45934
45945
45948
45970
45977
45981
45984
45985
45991
45991
46004
46007
46013
46018
46025
46031
46033
46050
46064
46074
46078
46083
46087
46095
46106
46115
46133
46150
46152
46160
46161
46163
46184
46184
46220
46229
46229
46230
46232
46232
46263
46272
46297
46310
46355
46357
46397
46402
46415
46416
46417
46425
46434
46445
46458
46481
46504
46512
46518
46526
46538
46549
46560
46561
46607
46608
46615
46626
46644
46646
46650
46670
46701
46730
46737
46740
46745
46758
46766
46787
46792
46797
46798
46804
46807
46811
46849
46854
46858
46868
46872
46883
46903
46916
46935
46939
46972
46972
46990
47000
47003
47018
47020
47023
47032
47041
47048
47050
47057
47072
47074
47076
47085
47085
47093
47094
47095
47113
47116
47119
47123
47137
47138
47139
47140
47171
47171
47182
47186
47186
47188
47199
47209
47227
47231
47237
47286
47295
47296
47299
47307
47311
47321
47322
47324
47334
47348
47359
47359
47369
47375
47377
47382
47392
47396
47400
47404
47435
47449
47450
47477
47480
47484
47493
47500
47504
47507
47508
47529
47534
47547
47547
47550
47550
47567
47574
47578
47580
47595
47630
47631
47644
47646
47677
47693
47695
47720
47729
47738
47740
47740
47756
47766
47779
47782
47786
47793
47795
47799
47800
47830
47838
47839
47848
47857
47869
47896
47905
47918
47918
47935
47936
47939
47943
47958
47960
47968
47979
47982
47997
48006
48020
48030
48040
48054
48065
48077
48081
48093
48096
48134
48136
48149
48165
48174
48203
48204
48207
48209
48231
48251
48265
48290
48295
48331
48341
48348
48363
48369
48383
48402
48407
48425
48459
48464
48468
48485
48487
48496
48532
48546
48558
48566
48572
48584
48590
48592
48600
48610
48622
48624
48634
48641
48662
48675
48678
48684
48690
48693
48696
48701
48702
48717
48747
48749
48775
48783
48818
48820
48821
48830
48840
48872
48879
48899
48900
48902
48903
48904
48907
48910
48914
48943
48949
48949
48952
48971
48971
48981
48983
48997
48998
49013
49022
49022
49049
49053
49062
49071
49076
49088
49091
49106
49110
49140
49141
49147
49153
49154
49176
49183
49184
49206
49226
49229
49247
49257
49259
49275
49282
49286
49291
49296
49332
49353
49395
49425
49433
49439
49443
49455
49468
49473
49482
49488
49496
49507
49520
49526
49571
49571
49583
49585
49597
49635
49655
49656
49657
49670
49671
49671
49689
49700
49709
49742
49743
49762
49772
49774
49786
49798
49804
49823
49828
49839
49849
49869
49891
49897
49900
49901
49909
49910
49911
49930
49935
49938
49939
49945
49953
49955
49961
49965
49968
49976
49981
50005
50010
50016
50017
50032
50047
50080
50088
50120
50127
50137
50161
50165
50165
50170
50173
50183
50185
50187
50191
50199
50213
50222
50228
50229
50244
50254
50262
50265
50291
50291
50291
50303
50311
50318
50321
50342
50350
50356
50371
50381
50383
50396
50420
50431
50432
50453
50462
50466
50481
50485
50521
50524
50525
50546
50556
50564
50565
50571
50573
50600
50603
50606
50629
50637
50673
50675
50676
50702
50711
50712
50725
50728
50731
50762
50779
50782
50783
50788
50792
50801
50823
50836
50878
50892
50894
50901
50914
50916
50920
50931
50933
50939
50958
50963
50965
50974
50989
50991
50995
50995
51018
51019
51023
51041
51055
51059
51065
51066
51068
51076
51076
51095
51100
51118
51119
51129
51166
51172
51190
51206
51209
51251
51253
51254
51265
51282
51283
51288
51302
51308
51321
51339
51340
51348
51364
51367
51389
51398
51404
51414
51423
51432
51435
51442
51444
51449
51472
51493
51494
51503
51504
51509
51513
51536
51539
51545
51557
51571
51594
51607
51608
51617
51633
51645
51682
51694
51722
51734
51740
51756
51781
51816
51834
51842
51862
51875
51881
51894
51905
51943
51959
51960
51961
51966
51969
51972
51974
51991
51993
52010
52011
52022
52022
52033
52040
52050
52055
52075
52082
52110
52113
52114
52130
52132
52141
52141
52153
52159
52165
52166
52173
52184
52189
52193
52195
52209
52210
52210
52214
52216
52227
52235
52238
52241
52283
52289
52293
52294
52305
52310
52314
52324
52327
52342
52354
52364
52371
52372
52389
52398
52412
52414
52425
52431
52445
52452
52455
52457
52470
52475
52480
52483
52510
52513
52514
52520
52531
52534
52551
52562
52567
52576
52583
52603
52616
52618
52622
52650
52667
52671
52688
52710
52716
52726
52745
52758
52763
52765
52798
52809
52825
52832
52857
52869
52880
52908
52919
52919
52926
52927
52928
52936
52940
52951
52960
52966
52976
52983
52984
53004
53015
53018
53036
53044
53054
53056
53065
53071
53071
53088
53088
53099
53110
53122
53127
53161
53174
53177
53180
53182
53189
53190
53190
53210
53210
53222
53231
53233
53242
53255
53259
53263
53266
53273
53310
53312
53321
53331
53335
53338
53345
53345
53352
53355
53360
53374
53375
53376
53392
53417
53436
53440
53471
53475
53496
53501
53513
53529
53541
53548
53552
53559
53560
53568
53574
53593
53601
53611
53636
53682
53693
53699
53701
53707
53723
53743
53771
53776
53777
53788
53805
53807
53829
53829
53888
53898
53903
53914
53918
53928
53952
53968
53983
54008
54020
54021
54025
54030
54031
54036
54048
54050
54067
54069
54071
54079
54107
54123
54132
54151
54161
54171
54184
54194
54216
54230
54236
54239
54241
54255
54271
54271
54275
54279
54284
54298
54305
54311
54318
54328
54331
54364
54375
54379
54382
54398
54407
54416
54419
54421
54433
54439
54453
54454
54466
54467
54468
54483
54487
54508
54508
54522
54542
54547
54548
54550
54567
54568
54591
54594
54601
54620
54622
54655
54660
54680
54688
54691
54694
54698
54711
54717
54730
54733
54754
54766
54789
54792
54796
54806
54806
54812
54833
54836
54842
54850
54858
54869
54879
54929
54931
54936
54953
54972
54973
54975
54988
54999
55002
55032
55060
55067
55069
55069
55084
55084
55089
55090
55094
55117
55124
55130
55147
55159
55167
55171
55177
55186
55187
55189
55202
55214
55236
55259
55287
55290
55293
55316
55329
55352
55358
55362
55371
55387
55408
55428
55449
55454
55471
55487
55543
55557
55569
55580
55580
55584
55584
55603
55639
55651
55657
55660
55666
55686
55700
55712
55724
55726
55732
55736
55748
55765
55766
55782
55808
55816
55829
55837
55843
55854
55864
55868
55870
55907
55921
55930
55942
55959
55961
55983
55988
55990
55994
56007
56018
56023
56025
56040
56043
56060
56073
56091
56097
56118
56119
56125
56125
56134
56154
56159
56170
56182
56182
56184
56202
56226
56253
56261
56264
56271
56332
56343
56361
56375
56421
56425
56427
56428
56442
56457
56457
56467
56479
56484
56484
56487
56491
56492
56499
56508
56520
56524
56527
56527
56530
56535
56550
56552
56554
56560
56587
56588
56603
56606
56610
56612
56613
56616
56631
56648
56662
56670
56672
56684
56684
56687
56688
56691
56695
56707
56722
56725
56748
56757
56765
56770
56782
56783
56785
56803
56808
56808
56811
56815
56840
56840
56845
56864
56866
56873
56897
56911
56916
56925
56940
56961
56967
56969
56975
56987
56990
56995
57000
57006
57013
57016
57017
57018
57026
57032
57044
57070
57083
57084
57086
57087
57092
57096
57121
57123
57130
57135
57135
57136
57151
57153
57159
57165
57168
57168
57170
57189
57191
57195
57198
57207
57224
57231
57236
57283
57284
57304
57314
57315
57322
57338
57338
57341
57351
57363
57373
57374
57378
57386
57388
57388
57399
57415
57425
57429
57460
57468
57471
57475
57478
57483
57508
57508
57516
57526
57528
57542
57546
57613
57623
57625
57627
57649
57661
57697
57703
57709
57730
57736
57752
57763
57770
57773
57775
57781
57798
57834
57837
57839
57853
57858
57878
57890
57897
57938
57947
57956
57968
57972
57993
57994
58012
58016
58049
58061
58067
58074
58076
58076
58078
58080
58093
58100
58116
58133
58133
58148
58152
58152
58161
58184
58195
58197
58240
58257
58257
58264
58265
58284
58294
58304
58314
58329
58329
58329
58344
58348
58352
58365
58373
58401
58408
58409
58410
58410
58413
58413
58424
58427
58432
58436
58441
58447
58452
58456
58484
58492
58524
58527
58544
58553
58586
58611
58633
58635
58636
58641
58645
58648
58657
58659
58674
58676
58683
58685
58693
58700
58718
58719
58726
58727
58737
58739
58739
58754
58768
58769
58784
58806
58813
58853
58861
58889
58903
58937
58960
58963
58972
58982
58987
59007
59009
59016
59024
59027
59029
59032
59037
59046
59057
59074
59077
59078
59078
59078
59086
59101
59113
59132
59141
59142
59174
59193
59201
59202
59213
59224
59224
59228
59231
59249
59260
59264
59272
59296
59343
59347
59351
59351
59352
59354
59359
59368
59370
59376
59380
59390
59400
59404
59406
59407
59422
59428
59432
59437
59440
59441
59457
59466
59487
59492
59492
59499
59511
59513
59516
59518
59526
59529
59543
59559
59560
59580
59585
59586
59588
59597
59602
59604
59606
59609
59624
59628
59646
59646
59647
59652
59653
59663
59673
59675
59688
59697
59699
59711
59711
59715
59722
59729
59732
59738
59763
59768
59770
59774
59780
59785
59792
59802
59803
59833
59842
59865
59871
59876
59878
59891
59892
59898
59908
59909
59930
59933
59939
59954
59973
59974
60005
60010
60012
60013
60020
60027
60042
60052
60054
60074
60075
60081
60095
60109
60114
60134
60141
60145
60174
60203
60205
60219
60223
60244
60246
60250
60259
60261
60263
60276
60277
60281
60282
60283
60293
60297
60301
60311
60313
60324
60325
60334
60339
60340
60345
60347
60352
60360
60370
60370
60373
60387
60398
60401
60417
60431
60434
60438
60442
60444
60454
60467
60472
60502
60511
60529
60530
60530
60543
60549
60564
60580
60596
60606
60637
60638
60646
60651
60661
60669
60709
60716
60720
60723
60757
60764
60778
60814
60817
60821
60827
60830
60839
60842
60843
60853
60875
60919
60944
60947
60951
60954
61002
61002
61006
61012
61015
61031
61032
61034
61059
61064
61085
61095
61103
61106
61120
61161
61171
61176
61178
61181
61208
61212
61235
61237
61247
61257
61268
61282
61284
61285
61292
61294
61299
61319
61331
61340
61353
61366
61373
61380
61385
61392
61408
61417
61430
61458
61461
61467
61478
61478
61482
61485
61501
61505
61510
61511
61511
61513
61529
61531
61541
61545
61550
61550
61562
61577
61599
61604
61605
61607
61647
61651
61655
61656
61657
61662
61669
61674
61708
61712
61723
61739
61751
61761
61765
61773
61805
61807
61809
61811
61811
61829
61834
61873
61883
61892
61900
61903
61907
61919
61931
61931
61932
61938
61981
62006
62010
62019
62020
62034
62039
62044
62047
62049
62058
62061
62064
62082
62089
62099
62119
62122
62123
62124
62124
62132
62149
62159
62177
62183
62183
62197
62222
62263
62273
62279
62280
62284
62295
62309
62318
62321
62327
62354
62357
62363
62366
62368
62375
62381
62389
62392
62403
62403
62415
62434
62434
62439
62446
62482
62491
62504
62526
62531
62545
62557
62561
62561
62570
62582
62587
62629
62639
62648
62668
62675
62692
62696
62698
62702
62723
62728
62740
62745
62760
62761
62762
62793
62817
62820
62855
62863
62864
62871
62876
62887
62897
62917
62923
62929
62930
62935
62947
62950
62955
62960
62965
62986
62988
62994
62995
63009
63010
63017
63024
63033
63040
63059
63099
63101
63104
63106
63109
63111
63126
63139
63148
63159
63189
63191
63205
63210
63221
63232
63258
63271
63273
63274
63283
63304
63305
63337
63352
63355
63370
63377
63378
63395
63398
63409
63413
63415
63418
63420
63435
63438
63443
63485
63494
63498
63498
63499
63506
63517
63528
63533
63533
63552
63557
63562
63569
63579
63590
63604
63606
63609
63629
63639
63640
63647
63652
63658
63672
63673
63692
63699
63706
63713
63740
63740
63756
63766
63775
63782
63784
63789
63792
63809
63830
63869
63879
63882
63886
63891
63894
63901
63909
63910
63912
63936
63941
63945
63960
63973
63996
64004
64011
64015
64015
64019
64023
64024
64041
64042
64053
64064
64068
64076
64079
64084
64090
64094
64101
64109
64121
64134
64147
64161
64162
64163
64164
64185
64186
64188
64204
64232
64238
64248
64257
64260
64266
64278
64284
64287
64311
64312
64321
64363
64378
64398
64404
64409
64419
64426
64432
64434
64443
64457
64462
64473
64475
64487
64509
64514
64517
64530
64537
64538
64550
64553
64557
64558
64572
64583
64595
64611
64622
64625
64625
64629
64636
64640
64642
64643
64644
64646
64654
64717
64744
64745
64781
64790
64802
64812
64825
64826
64856
64859
64875
64881
64881
64883
64896
64905
64949
64961
64964
64971
64983
64989
65011
65017
65025
65027
65051
65051
65053
65063
65076
65080
65112
65113
65113
65122
65147
65157
65163
65170
65176
65184
65189
65201
65205
65205
65208
65209
65219
65221
65221
65231
65240
65250
65256
65264
65265
65277
65289
65293
65305
65324
65342
65349
65351
65363
65370
65378
65387
65388
65409
65428
65435
65463
65469
65482
65490
65522
65523
65528
65528
65552
65564
65566
65573
65583
65584
65596
65611
65620
65632
65639
65654
65656
65691
65693
65697
65713
65751
65765
65771
65785
65787
65789
65790
65791
65795
65809
65820
65826
65840
65863
65875
65877
65879
65882
65884
65894
65898
65899
65914
65920
65925
65936
65955
65962
65976
65982
65982
65983
66010
66021
66027
66032
66043
66044
66045
66060
66062
66066
66082
66097
66107
66111
66117
66119
66130
66154
66157
66160
66172
66176
66199
66215
66224
66227
66249
66261
66281
66291
66298
66300
66301
66307
66313
66329
66340
66347
66349
66356
66360
66362
66375
66377
66393
66404
66411
66435
66442
66443
66444
66449
66457
66473
66480
66484
66501
66501
66508
66514
66547
66547
66548
66555
66567
66583
66590
66591
66594
66607
66610
66612
66644
66650
66681
66682
66697
66699
66701
66701
66709
66713
66717
66741
66743
66745
66769
66770
66772
66785
66814
66826
66829
66831
66839
66840
66841
66841
66851
66858
66867
66880
66888
66889
66908
66935
66938
66941
66942
66955
66959
66980
66990
67004
67011
67030
67046
67052
67052
67064
67084
67101
67104
67109
67111
67127
67131
67135
67141
67148
67154
67174
67200
67214
67214
67235
67243
67248
67250
67259
67260
67266
67282
67299
67301
67309
67312
67331
67331
67340
67348
67359
67361
67380
67392
67398
67408
67430
67439
67453
67455
67492
67494
67502
67520
67526
67580
67583
67589
67594
67596
67603
67631
67643
67643
67646
67659
67686
67692
67693
67699
67704
67727
67737
67744
67754
67768
67786
67813
67820
67826
67835
67837
67846
67852
67885
67898
67929
67949
67967
67968
67976
67985
67988
67992
67994
68006
68013
68017
68032
68034
68038
68045
68066
68079
68080
68083
68098
68109
68114
68129
68131
68158
68203
68220
68226
68229
68233
68235
68239
68244
68272
68277
68300
68312
68316
68319
68330
68337
68342
68355
68367
68373
68384
68389
68404
68408
68413
68454
68457
68462
68466
68534
68541
68545
68549
68552
68553
68569
68570
68579
68580
68594
68611
68622
68655
68659
68684
68697
68706
68717
68731
68735
68735
68741
68742
68750
68783
68794
68802
68804
68827
68835
68845
68845
68850
68892
68904
68908
68925
68929
68933
68936
68968
68976
68978
68983
68987
68989
68997
69001
69020
69031
69037
69050
69086
69088
69115
69124
69126
69138
69138
69144
69151
69185
69216
69217
69228
69232
69245
69248
69249
69254
69261
69263
69286
69331
69339
69342
69371
69375
69382
69400
69405
69405
69410
69412
69436
69441
69444
69450
69459
69464
69481
69506
69517
69541
69546
69564
69587
69589
69609
69612
69626
69635
69636
69637
69646
69654
69683
69689
69700
69714
69721
69728
69729
69731
69740
69748
69764
69800
69818
69832
69863
69873
69884
69899
69904
69919
69933
69958
69962
69965
69972
69991
69998
70018
70018
70037
70043
70045
70063
70069
70070
70074
70080
70081
70090
70090
70093
70097
70107
70109
70109
70115
70117
70123
70171
70183
70192
70203
70210
70214
70244
70247
70276
70277
70279
70280
70285
70297
70312
70313
70318
70326
70336
70337
70345
70358
70369
70380
70392
70392
70407
70418
70424
70479
70489
70498
70501
70507
70514
70519
70526
70541
70551
70606
70609
70610
70614
70627
70653
70662
70672
70679
70687
70699
70709
70711
70716
70721
70725
70726
70730
70734
70754
70774
70786
70800
70802
70806
70809
70824
70825
70843
70847
70879
70902
70928
70932
70934
70942
70955
70959
70982
71010
71013
71018
71026
71032
71038
71044
71058
71087
71088
71097
71108
71116
71144
71150
71176
71178
71180
71198
71221
71224
71245
71260
71282
71296
71309
71312
71319
71329
71331
71331
71336
71339
71344
71350
71360
71373
71381
71388
71398
71411
71414
71432
71438
71438
71464
71492
71518
71522
71533
71542
71547
71572
71581
71601
71601
71601
71603
71614
71628
71643
71648
71656
71657
71672
71673
71691
71695
71697
71700
71726
71737
71741
71747
71748
71752
71764
71777
71779
71794
71803
71832
71835
71846
71854
71862
71869
71869
71875
71886
71892
71893
71917
71921
71925
71932
71937
71959
71963
71963
71966
71968
71970
71972
71984
72007
72023
72029
72036
72049
72052
72054
72056
72056
72065
72075
72084
72088
72088
72099
72113
72115
72117
72121
72134
72144
72161
72165
72172
72204
72215
72235
72236
72243
72291
72298
72304
72344
72348
72355
72363
72375
72376
72379
72383
72399
72421
72423
72430
72432
72442
72455
72457
72461
72466
72491
72503
72506
72508
72509
72519
72524
72551
72557
72567
72585
72591
72601
72606
72640
72640
72649
72653
72653
72672
72677
72703
72707
72734
72757
72758
72768
72783
72800
72822
72832
72836
72840
72845
72851
72856
72884
72894
72907
72907
72908
72911
72914
72919
72929
72932
72960
72965
72971
72974
72992
72997
73001
73002
73009
73010
73024
73037
73040
73045
73046
73057
73060
73064
73101
73114
73122
73125
73128
73139
73148
73179
73179
73194
73209
73210
73213
73233
73234
73236
73256
73262
73268
73303
73316
73324
73349
73375
73377
73390
73393
73405
73405
73418
73434
73439
73440
73441
73449
73468
73474
73484
73489
73512
73519
73520
73536
73545
73564
73568
73592
73625
73625
73639
73642
73659
73667
73672
73679
73687
73704
73710
73711
73748
73754
73773
73822
73828
73832
73842
73856
73863
73869
73874
73885
73918
73948
73955
73987
74023
74024
74070
74072
74072
74082
74086
74094
74098
74103
74108
74115
74116
74132
74134
74136
74166
74175
74223
74232
74240
74242
74250
74255
74267
74287
74303
74303
74306
74319
74324
74334
74338
74338
74340
74344
74347
74352
74360
74404
74413
74420
74424
74430
74457
74459
74476
74490
74498
74503
74510
74512
74513
74544
74547
74551
74551
74554
74580
74592
74595
74611
74611
74617
74624
74630
74632
74639
74664
74665
74713
74716
74722
74741
74749
74749
74785
74786
74795
74802
74803
74804
74819
74820
74820
74829
74846
74861
74869
74872
74874
74885
74888
74905
74925
74926
74959
74982
74987
74988
74991
75001
75001
75007
75020
75021
75039
75070
75082
75097
75105
75118
75132
75139
75167
75176
75184
75184
75189
75201
75217
75222
75232
75246
75253
75263
75272
75279
75280
75285
75290
75306
75315
75319
75319
75350
75354
75357
75362
75366
75373
75382
75396
75398
75415
75426
75432
75443
75454
75467
75469
75482
75486
75489
75504
75515
75523
75534
75566
75581
75585
75590
75596
75600
75606
75625
75632
75633
75638
75640
75652
75702
75706
75710
75717
75717
75735
75744
75749
75753
75758
75781
75782
75785
75791
75804
75814
75825
75833
75840
75851
75852
75854
75855
75865
75869
75881
75884
75917
75920
75923
75924
75929
75936
75942
75947
75949
75978
76009
76012
76024
76024
76041
76054
76088
76090
76114
76117
76145
76167
76170
76178
76202
76234
76264
76339
76349
76359
76390
76394
76404
76416
76418
76427
76440
76444
76453
76466
76485
76502
76504
76508
76511
76511
76515
76519
76525
76530
76544
76546
76550
76554
76563
76583
76584
76602
76606
76607
76610
76622
76652
76659
76667
76720
76720
76723
76730
76731
76750
76752
76752
76780
76782
76791
76793
76814
76815
76824
76824
76829
76831
76831
76862
76884
76899
76901
76910
76912
76917
76925
76948
76957
76968
76971
76981
76993
77008
77008
77030
77034
77036
77051
77053
77056
77064
77068
77079
77098
77101
77105
77116
77116
77135
77137
77139
77155
77163
77172
77178
77182
77199
77210
77217
77231
77235
77240
77245
77253
77254
77271
77271
77271
77287
77297
77312
77327
77342
77355
77357
77364
77372
77372
77387
77407
77421
77421
77451
77452
77469
77474
77482
77483
77483
77484
77489
77490
77500
77504
77509
77540
77550
77563
77617
77641
77700
77705
77756
77768
77775
77814
77827
77835
77839
77853
77874
77887
77895
77900
77903
77907
77927
77933
77934
77939
77957
77961
77967
77976
77981
77982
77984
77984
77987
77988
77993
78018
78034
78034
78039
78062
78072
78095
78108
78110
78113
78135
78136
78136
78148
78150
78186
78205
78216
78224
78228
78238
78246
78256
78266
78280
78314
78320
78325
78326
78332
78334
78354
78361
78371
78374
78381
78383
78402
78410
78423
78440
78441
78449
78464
78464
78464
78467
78469
78479
78506
78509
78517
78517
78521
78537
78557
78565
78568
78574
78595
78639
78656
78673
78689
78693
78694
78696
78706
78707
78708
78711
78720
78729
78736
78748
78761
78767
78773
78787
78790
78793
78820
78825
78827
78838
78839
78904
78910
78915
78917
78920
78921
78923
78926
78927
78943
78961
78966
78973
78980
78987
79017
79067
79074
79118
79120
79126
79129
79147
79159
79159
79167
79183
79194
79201
79205
79219
79223
79236
79241
79258
79259
79278
79281
79284
79288
79291
79292
79303
79311
79318
79345
79357
79364
79386
79390
79400
79400
79403
79410
79414
79423
79427
79444
79453
79478
79484
79524
79530
79539
79564
79567
79569
79602
79619
79622
79628
79637
79643
79643
79645
79647
79661
79672
79677
79680
79690
79697
79704
79714
79718
79725
79753
79765
79776
79778
79783
79786
79799
79819
79820
79832
79846
79846
79849
79878
79902
79913
79923
79949
79954
79954
79959
79960
79999
80003
80008
80008
80010
80028
80031
80038
80041
80054
80065
80071
80072
80073
80079
80100
80110
80148
80154
80173
80187
80199
80213
80223
80238
80243
80250
80264
80279
80293
80303
80316
80331
80377
80386
80387
80389
80416
80432
80442
80447
80451
80453
80455
80460
80463
80472
80476
80485
80497
80503
80506
80509
80521
80531
80536
80557
80561
80602
80624
80653
80668
80669
80700
80702
80706
80716
80724
80739
80751
80760
80764
80766
80770
80802
80816
80821
80837
80839
80846
80846
80851
80853
80858
80870
80876
80880
80881
80892
80897
80914
80916
80921
80922
80931
80935
80939
80939
80963
80965
80967
80967
80973
80993
81000
81001
81004
81011
81034
81039
81047
81066
81076
81097
81102
81111
81118
81131
81132
81142
81150
81153
81165
81200
81211
81214
81221
81226
81267
81284
81285
81292
81297
81305
81313
81320
81327
81350
81356
81359
81360
81376
81379
81388
81395
81413
81418
81442
81444
81450
81453
81489
81496
81509
81511
81512
81516
81535
81537
81539
81547
81549
81551
81554
81563
81570
81574
81580
81586
81614
81622
81632
81634
81643
81652
81655
81667
81677
81680
81687
81688
81694
81703
81707
81714
81726
81744
81771
81778
81780
81787
81846
81852
81857
81870
81889
81890
81907
81921
81927
81929
81930
81974
81987
81989
81995
81997
82000
82000
82008
82008
82021
82033
82053
82068
82071
82100
82112
82121
82129
82129
82131
82143
82149
82150
82181
82201
82207
82230
82231
82233
82238
82250
82252
82253
82289
82295
82323
82334
82337
82338
82355
82358
82371
82382
82387
82416
82431
82461
82478
82480
82486
82507
82520
82526
82551
82557
82576
82581
82590
82593
82608
82628
82644
82651
82662
82663
82668
82668
82670
82673
82684
82751
82821
82825
82827
82831
82841
82863
82871
82877
82883
82889
82896
82901
82914
82918
82946
82951
82956
82965
82995
83005
83005
83018
83018
83023
83050
83056
83057
83070
83078
83078
83084
83096
83102
83105
83151
83152
83161
83163
83166
83184
83188
83212
83215
83223
83233
83278
83279
83289
83292
83296
83299
83300
83307
83317
83325
83374
83381
83389
83390
83393
83400
83412
83424
83462
83466
83473
83473
83477
83481
83509
83515
83524
83530
83546
83580
83588
83591
83591
83592
83593
83597
83616
83635
83643
83644
83648
83652
83656
83657
83671
83675
83678
83680
83684
83692
83695
83705
83722
83744
83744
83751
83759
83762
83779
83781
83789
83821
83822
83823
83859
83859
83872
83885
83888
83895
83907
83922
83933
83944
83955
83964
83974
83978
84003
84013
84020
84021
84031
84036
84042
84049
84055
84083
84099
84124
84128
84136
84137
84157
84207
84208
84209
84210
84226
84251
84298
84302
84318
84340
84346
84352
84364
84366
84402
84419
84427
84452
84465
84473
84477
84479
84487
84496
84502
84504
84512
84518
84524
84527
84528
84534
84538
84549
84558
84576
84578
84580
84593
84597
84612
84615
84620
84622
84631
84638
84643
84648
84649
84665
84665
84666
84686
84715
84731
84738
84738
84773
84781
84785
84787
84790
84795
84797
84801
84819
84821
84837
84848
84851
84852
84858
84861
84871
84890
84898
84907
84908
84914
84915
84917
84918
84952
84955
84957
84962
84970
84978
84990
84993
85029
85049
85049
85062
85096
85117
85148
85153
85158
85160
85163
85184
85188
85190
85228
85235
85243
85251
85258
85264
85271
85275
85285
85307
85333
85334
85336
85347
85348
85359
85411
85414
85418
85437
85441
85445
85448
85452
85462
85462
85470
85472
85475
85490
85491
85500
85500
85509
85528
85539
85539
85547
85552
85557
85589
85602
85607
85612
85617
85619
85620
85628
85654
85671
85671
85673
85690
85690
85718
85726
85730
85731
85731
85738
85783
85788
85811
85860
85866
85915
85934
85950
85970
85972
85981
85983
85984
85985
86007
86007
86028
86042
86045
86046
86054
86058
86065
86070
86081
86085
86095
86097
86108
86110
86111
86111
86121
86124
86124
86126
86142
86148
86155
86169
86181
86182
86184
86195
86212
86226
86230
86239
86250
86260
86272
86281
86283
86284
86301
86311
86312
86313
86317
86324
86326
86332
86336
86339
86340
86357
86358
86362
86362
86379
86400
86406
86411
86423
86424
86425
86432
86439
86442
86442
86469
86479
86490
86506
86509
86516
86536
86541
86552
86553
86553
86573
86575
86584
86615
86616
86637
86638
86647
86676
86677
86686
86696
86734
86739
86752
86770
86779
86783
86792
86792
86809
86816
86817
86832
86839
86855
86867
86869
86874
86891
86906
86929
86929
86956
86959
86963
86967
86987
86992
86997
87016
87016
87029
87034
87039
87039
87042
87048
87055
87081
87092
87094
87098
87117
87126
87129
87139
87142
87160
87166
87168
87169
87179
87188
87200
87204
87212
87222
87236
87245
87288
87296
87301
87304
87312
87330
87330
87351
87352
87369
87379
87393
87421
87430
87431
87438
87440
87440
87454
87464
87466
87469
87475
87497
87499
87502
87507
87515
87528
87536
87538
87546
87557
87580
87589
87591
87602
87602
87619
87622
87639
87644
87646
87651
87669
87670
87679
87681
87683
87692
87705
87709
87719
87727
87744
87765
87772
87782
87783
87788
87790
87792
87806
87818
87822
87843
87865
87872
87880
87882
87885
87893
87901
87903
87948
87959
87972
87978
87980
87982
87995
87998
87998
88017
88037
88038
88039
88051
88065
88068
88072
88118
88118
88121
88124
88160
88170
88177
88177
88185
88200
88209
88217
88222
88226
88238
88247
88286
88294
88301
88303
88306
88315
88321
88330
88332
88335
88368
88385
88397
88399
88399
88406
88418
88420
88422
88425
88450
88452
88463
88464
88478
88487
88499
88500
88501
88507
88513
88525
88545
88555
88558
88579
88593
88613
88617
88619
88620
88621
88654
88674
88677
88687
88700
88703
88715
88732
88736
88741
88745
88793
88813
88846
88860
88867
88869
88872
88876
88890
88897
88901
88904
88921
88945
88960
88975
88976
88980
88982
89008
89020
89025
89031
89033
89041
89048
89052
89083
89092
89097
89105
89108
89114
89131
89134
89136
89151
89153
89157
89177
89178
89217
89240
89246
89246
89285
89286
89295
89308
89309
89309
89344
89366
89372
89375
89378
89380
89381
89385
89397
89402
89406
89407
89441
89460
89461
89462
89468
89478
89480
89482
89486
89487
89496
89499
89515
89534
89565
89575
89594
89595
89596
89614
89622
89645
89646
89664
89672
89676
89709
89716
89725
89731
89734
89751
89752
89772
89787
89793
89794
89808
89817
89837
89838
89849
89873
89913
89960
89975
89999
90014
90015
90021
90027
90033
90043
90046
90046
90068
90075
90077
90084
90085
90093
90095
90103
90105
90107
90116
90124
90155
90164
90166
90168
90195
90216
90217
90221
90226
90232
90236
90240
90252
90259
90261
90274
90277
90280
90283
90285
90285
90290
90291
90301
90324
90349
90364
90377
90383
90397
90416
90434
90465
90473
90489
90498
90507
90516
90523
90560
90587
90589
90600
90619
90625
90635
90638
90643
90662
90678
90694
90705
90705
90726
90739
90742
90745
90747
90750
90754
90754
90769
90781
90793
90805
90808
90811
90823
90832
90833
90837
90877
90896
90905
90922
90934
90945
90945
90952
90977
90982
90994
91008
91036
91049
91058
91058
91061
91092
91098
91100
91100
91110
91132
91136
91152
91160
91164
91185
91215
91227
91237
91238
91245
91271
91274
91281
91293
91298
91299
91307
91313
91316
91316
91317
91331
91352
91359
91379
91386
91389
91400
91402
91410
91424
91428
91431
91439
91441
91444
91450
91458
91472
91478
91479
91479
91492
91498
91499
91514
91520
91529
91533
91537
91540
91552
91555
91571
91596
91604
91613
91616
91623
91637
91638
91654
91665
91665
91677
91689
91690
91691
91701
91730
91735
91761
91764
91766
91772
91800
91807
91809
91819
91831
91841
91842
91844
91855
91855
91864
91865
91874
91888
91888
91890
91890
91913
91929
91931
91938
91954
91968
91983
91993
91995
92004
92010
92014
92039
92039
92040
92054
92066
92087
92095
92105
92111
92112
92137
92141
92155
92168
92173
92189
92228
92236
92239
92242
92245
92258
92268
92272
92296
92298
92299
92311
92334
92373
92385
92398
92399
92400
92417
92422
92430
92448
92449
92468
92470
92491
92498
92500
92539
92546
92559
92565
92566
92580
92591
92600
92605
92625
92627
92634
92639
92640
92656
92659
92663
92664
92666
92672
92695
92728
92733
92744
92776
92778
92794
92796
92804
92812
92829
92849
92882
92888
92893
92900
92903
92916
92929
92933
92961
92970
92983
93032
93039
93061
93084
93101
93105
93113
93114
93132
93135
93151
93162
93165
93168
93184
93192
93197
93199
93203
93211
93231
93236
93258
93272
93272
93279
93286
93287
93315
93327
93328
93337
93372
93377
93381
93385
93403
93416
93437
93458
93471
93471
93488
93490
93495
93503
93512
93517
93527
93530
93533
93544
93546
93555
93567
93574
93581
93605
93613
93622
93646
93657
93661
93673
93675
93686
93696
93701
93722
93728
93738
93738
93744
93767
93771
93777
93788
93789
93791
93796
93803
93806
93809
93813
93824
93829
93843
93848
93884
93886
93887
93888
93893
93900
93905
93920
93934
93936
93947
93950
93950
93976
93982
93985
93987
93988
93991
93993
93993
94002
94047
94062
94071
94072
94078
94081
94121
94125
94126
94136
94145
94145
94146
94148
94186
94188
94197
94215
94217
94225
94234
94251
94269
94274
94283
94283
94295
94295
94304
94317
94326
94335
94342
94373
94380
94413
94425
94425
94445
94445
94445
94446
94461
94468
94469
94471
94473
94477
94487
94487
94505
94506
94512
94516
94528
94528
94536
94563
94624
94627
94631
94644
94649
94662
94671
94678
94679
94681
94683
94703
94737
94738
94759
94761
94764
94774
94775
94777
94794
94796
94807
94809
94822
94835
94844
94846
94848
94852
94860
94863
94868
94868
94877
94882
94898
94917
94929
94943
94948
94949
94954
94989
94999
95028
95036
95050
95057
95067
95081
95109
95114
95117
95162
95169
95169
95176
95186
95190
95192
95196
95198
95203
95214
95246
95254
95264
95275
95278
95292
95298
95315
95320
95333
95334
95344
95362
95362
95368
95371
95381
95388
95406
95415
95452
95454
95464
95466
95469
95473
95475
95488
95501
95502
95509
95512
95548
95558
95561
95577
95582
95585
95585
95597
95608
95615
95616
95628
95646
95668
95670
95671
95675
95703
95706
95710
95711
95718
95718
95722
95727
95729
95735
95749
95765
95772
95785
95794
95804
95812
95872
95882
95891
95918
95923
95928
95938
95939
95949
95953
95956
95967
95977
95985
96003
96004
96005
96014
96034
96034
96037
96041
96043
96046
96050
96059
96077
96095
96111
96135
96141
96144
96165
96203
96213
96222
96245
96252
96256
96268
96279
96280
96298
96332
96338
96342
96343
96345
96366
96367
96376
96380
96412
96417
96429
96436
96437
96475
96476
96488
96491
96492
96496
96519
96549
96559
96562
96565
96575
96605
96618
96629
96643
96653
96679
96684
96686
96691
96698
96704
96705
96707
96719
96747
96751
96761
96783
96791
96796
96806
96808
96836
96836
96855
96887
96889
96893
96897
96903
96911
96914
96916
96922
96924
96934
96941
96944
96965
96965
96966
96966
96977
96977
96977
96998
97020
97062
97066
97089
97097
97126
97139
97141
97146
97148
97154
97156
97164
97166
97195
97199
97203
97207
97208
97215
97217
97227
97230
97231
97235
97274
97287
97298
97304
97306
97312
97321
97327
97349
97355
97425
97435
97442
97442
97487
97492
97495
97500
97503
97515
97516
97521
97523
97539
97545
97587
97592
97599
97602
97605
97616
97616
97622
97626
97626
97633
97636
97638
97639
97655
97658
97659
97664
97686
97705
97705
97711
97717
97717
97721
97730
97733
97742
97748
97748
97775
97794
97811
97863
97868
97871
97895
97897
97907
97913
97934
97956
97969
97970
97975
97983
97990
97992
98002
98018
98023
98031
98037
98063
98064
98079
98114
98122
98122
98125
98160
98202
98208
98221
98243
98278
98280
98285
98310
98328
98334
98338
98357
98387
98390
98414
98443
98445
98458
98473
98476
98481
98499
98500
98504
98519
98547
98565
98584
98606
98637
98639
98648
98648
98652
98671
98682
98685
98687
98690
98691
98698
98704
98705
98711
98724
98750
98769
98771
98806
98810
98815
98826
98838
98855
98859
98923
98932
98935
98938
98940
98951
98963
98987
98989
99015
99017
99038
99040
99055
99089
99091
99101
99113
99116
99117
99127
99172
99196
99196
99206
99236
99243
99263
99266
99278
99279
99291
99294
99303
99322
99344
99348
99358
99363
99376
99398
99402
99430
99433
99434
99442
99454
99492
99507
99507
99512
99531
99580
99596
99618
99628
99644
99648
99656
99674
99680
99711
99732
99746
99754
99763
99767
99773
99786
99792
99813
99816
99820
99831
99833
99834
99841
99847
99850
99857
99858
99874
99889
99893
99896
99901
99921
99922
99924
99928
99946
99953
99954
99996
